N: 100 densidad: 1.0
0 0.11704005305517318
301 0.8165392923026698
302 0.823728799121925
303 0.7634490308238533
304 0.8104796645766644
305 0.8363325494742145
306 0.8441654218581051
307 0.8215468645071823
308 0.7752879068602123
309 0.7193743104005703
310 0.7214039235884394
311 0.7442285341791245
312 0.7371813106238058
313 0.7479413833623715
314 0.7938702773882412
315 0.7967503480047218
316 0.8068567826801706
317 0.7739135731809159
318 0.7827562532645035
319 0.7672624460256848
320 0.7390587194910733
321 0.7886453172258344
322 0.7235884106883331
323 0.7054811278045268
324 0.7260171899610075
325 0.6925992053334796
326 0.7079401045511223
327 0.7202257131725455
328 0.7394660360017463
329 0.7730220675405611
330 0.8079586958223723
331 0.7842159050629524
332 0.8082628598956151
333 0.7985230189793607
334 0.7598252497839736
335 0.8023582507791874
336 0.7748535061292733
337 0.7399102139653536
338 0.695180191020209
339 0.7640088020803103
340 0.7101722163049763
341 0.677890344140711
342 0.6789378476067188
343 0.7153308549632308
344 0.7474079585971563
345 0.7356703185454257
346 0.7332306430241546
347 0.671414252521716
348 0.6612797010248154
349 0.7529535211837972
350 0.748108755132384
351 0.6850668005259118
352 0.6149968802927517
353 0.5702478638628956
354 0.5654455017957201
355 0.6470722486635823
356 0.6499414139442249
357 0.5738570617598441
358 0.5951758670111734
359 0.5925871790397412
360 0.6085617313985591
361 0.5650845833318421
362 0.5745589991715405
363 0.6256487286465938
364 0.5860371320624808
365 0.6546085191026041
366 0.6308347627383581
367 0.6501048989187803
368 0.6361465690119174
369 0.650084808302317
370 0.6668094191815263
371 0.7350394827215766
372 0.7508321639707979
373 0.7491587268216658
374 0.7403583241583424
375 0.7575178086355185
376 0.771973976255922
377 0.7583511642050554
378 0.6820354133017408
379 0.7062148884337053
380 0.7227120986712253
381 0.7018541921678466
382 0.7406665410606745
383 0.7340514312157295
384 0.7409921965721614
385 0.7033028353777632
386 0.70105521248199
387 0.6720577329506242
388 0.6509151315934315
389 0.6594693310654213
390 0.7024126335275679
391 0.8091207556880247
392 0.8118935809391838
393 0.7701694908278678
394 0.7360307161331918
395 0.821834223994026
396 0.7619655479140183
397 0.7588421251231402
398 0.8073618968363054
399 0.7982312620068986
400 0.806352459514957
401 0.7466251698654932
402 0.7550532072467311
403 0.7510690913010372
404 0.7543340000919118
405 0.7596844452699126
406 0.755692838856036
407 0.7293268014623026
408 0.7096716502372585
409 0.6876997641751177
410 0.6943035156917018
411 0.6832356977911355
412 0.763247961885423
413 0.7001108895739553
414 0.7310591643252876
415 0.6792869693194635
416 0.6796027935622396
417 0.6726987989439008
418 0.7410101182298235
419 0.7402096483158709
420 0.7584467931055463
421 0.7079746900025318
422 0.7755764545658721
423 0.7309027924816794
424 0.666810935892371
425 0.674246705330528
426 0.6735388847882583
427 0.5788098495354673
428 0.5854703002380587
429 0.6011514714152708
430 0.662499723487555
431 0.6794004500664023
432 0.6578271551420771
433 0.6344316411281349
434 0.5926600162050214
435 0.5190727398223536
436 0.5598745711256846
437 0.5737181168007713
438 0.5763715385473348
439 0.5604944629231404
440 0.5290652324042288
441 0.5273755055021255
442 0.58704413208364
443 0.5019876512887973
444 0.4984623495983059
445 0.5310650323544032
446 0.6005453546733327
447 0.6203710277675165
448 0.6498599741097563
449 0.6868888197924466
450 0.6509035981092491
451 0.6999352257690128
452 0.7182684715298499
453 0.7105685293010263
454 0.7179460957021995
455 0.6451800435790322
456 0.5531297418424453
457 0.5882444165478281
458 0.5932745316923925
459 0.5358821847955546
460 0.59173356091613
461 0.6088677215081798
462 0.6094765881947964
463 0.5480003406526143
464 0.5621476887689453
465 0.5919192404608534
466 0.5431631229042387
467 0.5024311101264914
468 0.5465224730518374
469 0.5540214730845523
470 0.525846544972891
471 0.5353976945346185
472 0.5477992570035678
473 0.4733329963460058
474 0.47621304831519656
475 0.48785820715310596
476 0.46842769307468496
477 0.46226433649839976
478 0.5072620599406049
479 0.4855863396640641
480 0.49524555572975887
481 0.45909613266783267
482 0.4776930221429208
483 0.5051209965735229
484 0.42650514126470834
485 0.46486218599516244
486 0.4829673930916452
487 0.4931601657089293
488 0.39836112703255755
489 0.49185043182784477
490 0.521588076416898
491 0.528093766435741
492 0.6114114197980572
493 0.6076953259678416
494 0.5334402672703731
495 0.5493815996033564
496 0.5444926390211486
497 0.5743426322684284
498 0.618768631488239
499 0.6281119155034229
N: 200 densidad: 2.0
0 0.1094245978038611
301 0.6472761149136389
302 0.6070570541139595
303 0.5766406654591608
304 0.5359513842181581
305 0.5672645884747434
306 0.5758137901652777
307 0.6306665102824051
308 0.6380296720270642
309 0.579199760483068
310 0.5858802323019267
311 0.5842927709848005
312 0.5301898052853403
313 0.46146941550416004
314 0.48075047474033017
315 0.5175646812064957
316 0.5245182868512264
317 0.5399204403454674
318 0.5392813079824083
319 0.5822249398130454
320 0.5258853303772454
321 0.5339392887871139
322 0.5366450335238248
323 0.4640167075577058
324 0.5323789202887546
325 0.5542714376170452
326 0.5968276228625341
327 0.540552895435685
328 0.5960063324395598
329 0.584536883175687
330 0.6189475560371679
331 0.6612071554046132
332 0.6190990114085543
333 0.6135178653798465
334 0.6589431323029883
335 0.6348294860833351
336 0.6616605828213157
337 0.622085940355095
338 0.6498515941596963
339 0.6443876693264655
340 0.6421931732374934
341 0.6469545760956014
342 0.630153935855739
343 0.6289543000432302
344 0.6413149590533825
345 0.6679687653142764
346 0.6888026926400163
347 0.6659624770737093
348 0.6646924192172252
349 0.7111950463541971
350 0.7090003949264316
351 0.6942202047159692
352 0.7341385954153568
353 0.7266130264547677
354 0.6291862100890255
355 0.6115720111563631
356 0.5786609360766813
357 0.6049081337890349
358 0.587994041661159
359 0.6053307312432344
360 0.6005788218890395
361 0.5866110966154341
362 0.5432750464289463
363 0.5462466439002641
364 0.5311632900107791
365 0.45698007768520604
366 0.5361745851227224
367 0.5680411307474783
368 0.573836241286934
369 0.5404613765349265
370 0.5447214062167951
371 0.54004158785459
372 0.4923724046594906
373 0.5800344318652689
374 0.5229196480119477
375 0.5593321799315945
376 0.48728413593047076
377 0.4923840017247856
378 0.5061339812280058
379 0.49933861488241554
380 0.5030005567766588
381 0.4779850767379776
382 0.4390583211162194
383 0.46092361204139715
384 0.45665657216173167
385 0.4528892785213605
386 0.3819975248160121
387 0.43057302788747825
388 0.43529995049838793
389 0.5178354166046398
390 0.5354371751943429
391 0.4930825485694128
392 0.4684025723836674
393 0.5627608241321308
394 0.5134322547756728
395 0.5310007669955028
396 0.600936183420591
397 0.5424788566233328
398 0.5421638129524204
399 0.5464215588305731
400 0.5841076807934847
401 0.6185733848714315
402 0.6365510522843246
403 0.65187955812799
404 0.6599454791710521
405 0.7183018813383337
406 0.754885429217004
407 0.7556894172266794
408 0.7533974844015682
409 0.7302023349168355
410 0.7869438458574692
411 0.7641817397837355
412 0.772242660697957
413 0.8211707181419622
414 0.8171500454389604
415 0.8103238295528361
416 0.7984791289195821
417 0.7678130796860816
418 0.8206509645651988
419 0.801732763488256
420 0.8009677093047722
421 0.8302536140124244
422 0.7825643841620713
423 0.7609950216758503
424 0.7674960400379546
425 0.7823456259346374
426 0.7501598371729719
427 0.7550293802085317
428 0.7389590628208075
429 0.7545472811280357
430 0.7246935682636826
431 0.6946977308420713
432 0.6616827945360225
433 0.6624695513856254
434 0.6253138826085277
435 0.6336086051565198
436 0.6247162210110082
437 0.6595972942388711
438 0.5886517508823522
439 0.5071809043330725
440 0.4972395658911383
441 0.45624297286567256
442 0.4891627572328207
443 0.4809308902489167
444 0.5222233693456748
445 0.5282407643085415
446 0.5233305820249782
447 0.5236177931678935
448 0.5523043709057052
449 0.5369090354742784
450 0.5069016717949305
451 0.578121888409758
452 0.5413575544550716
453 0.5853821464934467
454 0.5903322529442866
455 0.6328751067028358
456 0.6148232712419187
457 0.6365128377291492
458 0.6257763634090169
459 0.5710169005112592
460 0.5423849156804086
461 0.5393035829418295
462 0.563974521893668
463 0.5306096468090339
464 0.5528702079016928
465 0.5805645188787673
466 0.5601908237948654
467 0.5289650719982777
468 0.5636368974922105
469 0.5023571174834299
470 0.4951106639991573
471 0.4601691252635884
472 0.3827591232954808
473 0.3580125622221571
474 0.321513060447644
475 0.3632375543598882
476 0.37127951167926215
477 0.4118373351712019
478 0.4562441111120379
479 0.5326795913796001
480 0.5019778609939
481 0.4970365186058184
482 0.5356577563186927
483 0.558697397672978
484 0.5571714706419568
485 0.5229540538011265
486 0.5265427965919686
487 0.4927450805153008
488 0.5124404408693664
489 0.5415989377513494
490 0.596035136823463
491 0.5728263590723207
492 0.6448676494625621
493 0.6391076742696388
494 0.6507174969396593
495 0.6533637084172441
496 0.6376802625850441
497 0.6131767225849355
498 0.6369412016555062
499 0.6977493394837704
N: 300 densidad: 3.0
0 0.09466600408692952
301 0.6979607739746075
302 0.7315492803755358
303 0.7554923805821254
304 0.7246020008219216
305 0.681861545643118
306 0.660214021628641
307 0.7084382811782867
308 0.7083687920407239
309 0.640406762353336
310 0.6928491072231363
311 0.7252345798400036
312 0.7100401013569754
313 0.7447746275134831
314 0.7467183957699615
315 0.8012300804298428
316 0.7730813577018139
317 0.7897103625529689
318 0.7483053433544015
319 0.741906907375534
320 0.7281597437649263
321 0.7140402826077729
322 0.6858138792186462
323 0.7451902294497862
324 0.7318159551268395
325 0.7531088163367324
326 0.7000857664597072
327 0.7247749814796423
328 0.7428085201206845
329 0.7494283185518338
330 0.7846895142625541
331 0.7876491270771522
332 0.777755182350521
333 0.7892267768170376
334 0.7931210678006209
335 0.7608376197958333
336 0.7693572389115969
337 0.781229118221477
338 0.7776880980523154
339 0.7903137924033978
340 0.7593402963913873
341 0.7395518467240982
342 0.734519861049866
343 0.7643831840679746
344 0.7600528938453475
345 0.7767931701652154
346 0.765214610006652
347 0.7842296702648551
348 0.7640761404732712
349 0.7492283156652412
350 0.7464114242021984
351 0.7737283165054707
352 0.7506857496190067
353 0.7555707022207137
354 0.7459562811805093
355 0.7418310313436282
356 0.7661122353948335
357 0.7868391402454338
358 0.7668723290945723
359 0.7830407646137006
360 0.7563527075028699
361 0.7514413984057294
362 0.7367317804185866
363 0.6691323270846028
364 0.6938215885265341
365 0.6935180494101141
366 0.7130438128181714
367 0.7094352788614078
368 0.7313009478719272
369 0.7076527198115112
370 0.6835519217147265
371 0.6970863367887205
372 0.6450766110115569
373 0.67738796327755
374 0.7002243149054326
375 0.7255801906419319
376 0.7120790802138589
377 0.7390027233044916
378 0.7187315459242742
379 0.7493550126219855
380 0.788574919485979
381 0.7956061984657404
382 0.7624647912522238
383 0.7757435841841498
384 0.779401027012793
385 0.7685274951738102
386 0.7954236407312405
387 0.79491216090361
388 0.7911135187884689
389 0.8043357376567383
390 0.824166066395726
391 0.8303311161049156
392 0.8184623128817912
393 0.7938863735558086
394 0.8036305068636773
395 0.7885111430002514
396 0.7620729272681457
397 0.7760532346636579
398 0.7971007737811796
399 0.8030189079200772
400 0.7913989795947325
401 0.7969806999252477
402 0.7829608307520517
403 0.8063607130592352
404 0.7866925746119475
405 0.8011023555984005
406 0.8049523324240219
407 0.8208502954708955
408 0.7604821719247138
409 0.77053441906457
410 0.7774377191266852
411 0.7830610858663729
412 0.7754090583484716
413 0.7736454386042303
414 0.7367576539313019
415 0.7281174643678368
416 0.7176897693221906
417 0.7219459413058118
418 0.7165722168167357
419 0.7214233223524078
420 0.7462186529214584
421 0.7557112505384604
422 0.7704884403526147
423 0.7345781970257115
424 0.744973002924462
425 0.753901141831257
426 0.7411554318983119
427 0.7289940564093688
428 0.7394916177073501
429 0.7577731285788256
430 0.7500549295635976
431 0.7272066161316613
432 0.7246510420164358
433 0.7721032849300017
434 0.7033404373510106
435 0.7098333556518948
436 0.6749692393881499
437 0.6470682693330464
438 0.666735685121218
439 0.6666838457026136
440 0.6639509962093183
441 0.6272661286636239
442 0.6401147853234376
443 0.6386803858163499
444 0.6641933866657664
445 0.6401756501089104
446 0.6062317246903157
447 0.585286199424809
448 0.6436919321339868
449 0.6919494853405983
450 0.6872590628826335
451 0.6849751535535825
452 0.6766806857367507
453 0.625956975140481
454 0.6155743982353216
455 0.6550776264093253
456 0.6460728266204524
457 0.6760366679855587
458 0.6737500988313819
459 0.6549372128799513
460 0.6357230968324865
461 0.6577700091690067
462 0.662207811120533
463 0.6593824971331983
464 0.6112908111371641
465 0.5953500246324883
466 0.6528318755270209
467 0.6713988703366035
468 0.6695392263887904
469 0.6575156234502679
470 0.677662126157007
471 0.6590308262751787
472 0.6222076361499189
473 0.6050404114993501
474 0.5791661920711296
475 0.6091931849206201
476 0.6009177779368823
477 0.5286391269604732
478 0.5090855910800961
479 0.5735721501721697
480 0.6163745235012708
481 0.6218314127083686
482 0.6676270175413411
483 0.6139051858539664
484 0.6480359448718551
485 0.7327045834123358
486 0.702229373130719
487 0.7240427878424813
488 0.6787563295644602
489 0.6937745058553018
490 0.6865005507237668
491 0.7163003889679913
492 0.7363414337161921
493 0.7608479175596146
494 0.7752569024905462
495 0.738225222289136
496 0.6954841245632803
497 0.6842271886493188
498 0.7043015738887701
499 0.7422214031035339
N: 400 densidad: 4.0
0 0.053777154455180644
301 0.7698043448384829
302 0.77705720987198
303 0.7357761746337199
304 0.7470742478756103
305 0.7270378138590973
306 0.7399916023312875
307 0.7260233327385784
308 0.714358742314213
309 0.7064794133910287
310 0.7314901920497227
311 0.7449291636952838
312 0.7665369354240292
313 0.7699700290756928
314 0.7683368190920771
315 0.7744893236736079
316 0.7499874194246083
317 0.7815761933022595
318 0.7608842904490035
319 0.7847055624802571
320 0.7726543073305739
321 0.7250965180213473
322 0.7199817616306518
323 0.7353945341392644
324 0.7388471553154071
325 0.7686598091851479
326 0.7467956523834708
327 0.7879076090139696
328 0.7660396682832644
329 0.7763370402770368
330 0.770889814305149
331 0.7654027233997228
332 0.7738293000931127
333 0.7631828935783261
334 0.7507564311346591
335 0.77297542612364
336 0.786197061008545
337 0.7749828307061001
338 0.7415253122560497
339 0.7414901063234347
340 0.762671435694248
341 0.7642516538787344
342 0.7528440002985785
343 0.7655726996749072
344 0.7535387462543938
345 0.7579313045107569
346 0.759753885278838
347 0.7841439127705824
348 0.7829477224384669
349 0.7885275145689685
350 0.7836206142308496
351 0.765555765492793
352 0.7550558766360037
353 0.7784265925465799
354 0.7852995896021951
355 0.7713293303016305
356 0.7537988792204833
357 0.7753053271790141
358 0.7625522948108553
359 0.7677672764380922
360 0.741567126529017
361 0.7253704104888766
362 0.6931094342254869
363 0.7030645543762893
364 0.6574352820032913
365 0.7000160552667483
366 0.7189130862611554
367 0.7316516425742082
368 0.7556363752207961
369 0.7579057990552297
370 0.7777226874275827
371 0.7752955979791379
372 0.7673105953310646
373 0.7610031439633645
374 0.8032008567970234
375 0.763417766022284
376 0.740023522688421
377 0.7534799246277769
378 0.7368943243944482
379 0.7439326598018855
380 0.7198462481711236
381 0.7049758099340339
382 0.7084814754812672
383 0.6926072560666731
384 0.7087649839107222
385 0.7226541227224433
386 0.7298048270567158
387 0.706087717113495
388 0.7168757101943394
389 0.7137808278656889
390 0.6989640513977209
391 0.7480204654553922
392 0.7057190936812825
393 0.6869141915395081
394 0.6340243104188933
395 0.6093558165308783
396 0.5772707648589009
397 0.5957599896112336
398 0.6387638224400755
399 0.6755433844536848
400 0.6626135842241994
401 0.6870099088897126
402 0.7094974377532242
403 0.7247794198778297
404 0.7530535969349725
405 0.7609388128412008
406 0.7582090531742885
407 0.7059554873533651
408 0.7473559571120533
409 0.7515251327690513
410 0.7452442838715352
411 0.779912510304903
412 0.7715519741326848
413 0.7698233902227218
414 0.748281710453417
415 0.7554346072107129
416 0.74886310372537
417 0.7331497281712936
418 0.7378442346208972
419 0.7262843755224436
420 0.7389350051667881
421 0.7591219474016723
422 0.7647764336560502
423 0.7578216482744405
424 0.7707527538076065
425 0.7935560150775428
426 0.7831724505458095
427 0.7765948272748192
428 0.7879035381721954
429 0.799027881234827
430 0.7635411891604907
431 0.7460070399211581
432 0.7276347772368376
433 0.7154172233060785
434 0.7535054629416668
435 0.7319278547926108
436 0.7153294047463309
437 0.7349345997384762
438 0.751836614198992
439 0.731278349704927
440 0.7312475636059118
441 0.6825941157553882
442 0.7098258982411733
443 0.7297274764138934
444 0.731786794137716
445 0.750868730546575
446 0.7529235354172786
447 0.7569557610009846
448 0.7350216378804566
449 0.7451067552242122
450 0.7423965578087509
451 0.7790949350078216
452 0.7746123870898013
453 0.7700812836137381
454 0.7581849095640676
455 0.7440261811486072
456 0.7217442912343293
457 0.7178890550898452
458 0.7299396502486296
459 0.7371109079678421
460 0.724932191558191
461 0.7408941787094544
462 0.7120905647267649
463 0.7307061442501731
464 0.7215277733227449
465 0.7288810179631514
466 0.7489840224156884
467 0.7603439542938171
468 0.7809519917817438
469 0.7236502765169477
470 0.6945037922738386
471 0.7637786097334619
472 0.7822080059451985
473 0.7726485531935677
474 0.7845400322091859
475 0.7566304764466363
476 0.7640597869535743
477 0.7750935073400047
478 0.8014602472047182
479 0.7655361865983609
480 0.7660081484778648
481 0.7199224654349338
482 0.7437660093751127
483 0.7035197779896293
484 0.6475476691763578
485 0.6555042289582665
486 0.6970876980735409
487 0.7140999743097048
488 0.7288949909558314
489 0.7106493079854949
490 0.6973121071737852
491 0.7186207518085435
492 0.707445216668301
493 0.6955293036141238
494 0.6699092143181352
495 0.7005035447041256
496 0.7403985604394497
497 0.7098104475447612
498 0.6944159405421373
499 0.7118212192358376
N: 500 densidad: 5.0
0 0.02891992892099888
301 0.7632390638701775
302 0.7664557192798637
303 0.7591838396764959
304 0.7858879975853027
305 0.7553209812393781
306 0.7727575214104865
307 0.7742429048398122
308 0.7785443813024197
309 0.766176176273129
310 0.7784440802985314
311 0.7940384679030644
312 0.7962035933536995
313 0.8121535376541951
314 0.7955640186002932
315 0.8202474554432366
316 0.8109042876543875
317 0.8190746561971852
318 0.8011441618542856
319 0.8073639976164124
320 0.8017359761771936
321 0.811236372806584
322 0.821527707785203
323 0.8074156488136731
324 0.7957169343940405
325 0.8193635616079763
326 0.8180511028906193
327 0.7845873528294366
328 0.7608972518750023
329 0.7740652703342188
330 0.7595663920315701
331 0.7905529812263441
332 0.7717791560211639
333 0.7770333474915838
334 0.7344246457763336
335 0.7320315673727423
336 0.7470296060627057
337 0.7735152147851677
338 0.7461332308488355
339 0.7051139918618097
340 0.700062583045274
341 0.6865293111509625
342 0.7069753093684575
343 0.7401741707902956
344 0.7377485963219408
345 0.7421334651554689
346 0.740274029702776
347 0.7605392476478217
348 0.7772820336737436
349 0.7933450866427425
350 0.7884685343747776
351 0.8011823925650261
352 0.8085126662437518
353 0.8115359541047714
354 0.8228806227976259
355 0.8177106674274667
356 0.8079119163797126
357 0.786399845087953
358 0.8186503094703369
359 0.8263207900706103
360 0.8144958807446842
361 0.8073270413236149
362 0.8107370490215611
363 0.8071850655334782
364 0.8014953367682598
365 0.8014136591925972
366 0.8273197690316818
367 0.823428346961645
368 0.8022411207911965
369 0.7991584132776683
370 0.7924767227164574
371 0.7800115976446004
372 0.8128906839514047
373 0.8036395331292587
374 0.7758974634495769
375 0.7665229444345305
376 0.7934334568841874
377 0.8081964575513468
378 0.7914418421694093
379 0.7639253155165657
380 0.761272201490526
381 0.7540135076382213
382 0.7785009634937873
383 0.7957607963932923
384 0.80117200130485
385 0.8214736909935476
386 0.7969072815742629
387 0.8105753103055972
388 0.8046168883342764
389 0.7971099577359699
390 0.7724374192202588
391 0.7731294936123121
392 0.775802680677452
393 0.785287073926771
394 0.7737339511084048
395 0.7653568098888874
396 0.7777677896924841
397 0.782013033328879
398 0.7944995598994773
399 0.7767443263433734
400 0.7594860158651341
401 0.76961589920292
402 0.7522241480784223
403 0.7590213920281972
404 0.7533658586364045
405 0.7351755228583587
406 0.7133402386233948
407 0.7077423292369163
408 0.7464674641823064
409 0.7250716849259367
410 0.7518254013451097
411 0.7609666036707432
412 0.706914627556466
413 0.7109407185899099
414 0.7387038767162232
415 0.7274064375620972
416 0.7424202962132234
417 0.7441123248450932
418 0.7029826181955945
419 0.7281423698423953
420 0.7490717717306473
421 0.7759716498798394
422 0.7899932309539285
423 0.7816680274858498
424 0.7789009508778122
425 0.8059121521802969
426 0.7745309724415115
427 0.776909556114649
428 0.7656351102888342
429 0.7794670311750879
430 0.7621877027327957
431 0.7694785600067412
432 0.7563980588208197
433 0.721052585267994
434 0.7446816342392949
435 0.7481243586871257
436 0.7439967298666564
437 0.7433842211600067
438 0.7441084685087244
439 0.7323670590372962
440 0.7354206816304519
441 0.7535398763934021
442 0.7881730147171051
443 0.756462400861447
444 0.7395407066150581
445 0.7775454188105582
446 0.8026449503658818
447 0.8038741427631079
448 0.7905229359060945
449 0.7884862235334542
450 0.7869151174462625
451 0.8005021416408931
452 0.7746311592193809
453 0.7846440413199259
454 0.7956163764598098
455 0.7689472363155928
456 0.7795954763910611
457 0.7677855884831247
458 0.7823430190300411
459 0.767362160458507
460 0.7625520157350907
461 0.7812248377301807
462 0.7710842466237428
463 0.7564575826109913
464 0.7508417503518632
465 0.752207682001144
466 0.7818901846209306
467 0.7888689466998019
468 0.7730051961164514
469 0.7655348725013809
470 0.763969965719199
471 0.7624539609366215
472 0.7758699021312441
473 0.7693350766133151
474 0.7518325428272905
475 0.7191385124131154
476 0.7433859165354474
477 0.7627843600579151
478 0.7565734722876669
479 0.755479314454185
480 0.7419739935094632
481 0.7512134942532758
482 0.7607685616709897
483 0.7689045488016792
484 0.7751282651662518
485 0.7609258745098031
486 0.7735499274755534
487 0.7836109008439206
488 0.7740194936642929
489 0.7478380616425653
490 0.7410475150822396
491 0.7299789246740357
492 0.7393637636386139
493 0.745477177146469
494 0.7262480902022922
495 0.7583143233221699
496 0.7568715471660455
497 0.763544725960948
498 0.7676521448316007
499 0.7550259824450625
N: 600 densidad: 6.0
0 0.04761926979567194
301 0.80528708077036
302 0.8048782375511174
303 0.7909464478721897
304 0.7887655100131252
305 0.8018000054593492
306 0.8111712517053467
307 0.8012529516146287
308 0.8009372664187846
309 0.8116566404054839
310 0.8123891643977829
311 0.8114968428304584
312 0.7932929397127517
313 0.7924212548454501
314 0.7965934368561796
315 0.7778286122098793
316 0.7654765097138786
317 0.7944459849971915
318 0.7851780162157211
319 0.8056770087189445
320 0.8071398540207352
321 0.7897222511142293
322 0.8129756109883641
323 0.794750260008556
324 0.8045531436076714
325 0.7891669436321757
326 0.7605578128828405
327 0.786728406768615
328 0.7889069707446194
329 0.7944238901949956
330 0.7825475418250547
331 0.8002467304356675
332 0.7908093948844062
333 0.7956062862576205
334 0.7924187795210303
335 0.7869801144208715
336 0.7829561368112897
337 0.7693959219944095
338 0.7650807961065078
339 0.7735590663065277
340 0.7598454210849961
341 0.7498088473082163
342 0.7329099551997256
343 0.7344891207422197
344 0.7572054679171669
345 0.7589822309975652
346 0.7852069184092044
347 0.7788794732528305
348 0.7853078060772476
349 0.7644323903469274
350 0.7468452446298037
351 0.7677384645500269
352 0.7482773192832686
353 0.7241840588152241
354 0.6993958184113299
355 0.6948385408333917
356 0.6850593278856252
357 0.6501776356339317
358 0.6899379339197715
359 0.6579394463786338
360 0.6862816701431019
361 0.7000185690474257
362 0.7227264336453414
363 0.7558201279793031
364 0.7457482234140433
365 0.7530394054878458
366 0.7611953594533447
367 0.7722020418447545
368 0.7841330982331692
369 0.7690053888757233
370 0.7911043823323369
371 0.7971656480693562
372 0.7786777029082145
373 0.7523750399460705
374 0.7608086134314492
375 0.7787783150662966
376 0.764138381249455
377 0.7417032634098325
378 0.7577090693463171
379 0.778990509000473
380 0.7563651403423579
381 0.7559598182744178
382 0.7541673642143294
383 0.7626675817599453
384 0.76449579435457
385 0.7348884112306918
386 0.7717096367258812
387 0.7863819752451153
388 0.7891059710012716
389 0.7754764072463068
390 0.7672282316613289
391 0.7756897644045548
392 0.7688510464433739
393 0.7686522952463635
394 0.7687250535174266
395 0.7815633321151674
396 0.7593229736073638
397 0.7583777680815619
398 0.779587293231072
399 0.7698752046458256
400 0.752508868900026
401 0.7625303244926487
402 0.7798419780601532
403 0.7888897097327531
404 0.7981182438322328
405 0.7747983202757889
406 0.7884308589772854
407 0.7981491686749206
408 0.7952988442376178
409 0.7777168283764511
410 0.7856810655901888
411 0.7884726206156909
412 0.7931861087404167
413 0.7923451113342659
414 0.8149089867903768
415 0.8178802947263079
416 0.8193948631460041
417 0.8243440904202188
418 0.8212861251918954
419 0.8226501277509931
420 0.8190225673997527
421 0.813047247546554
422 0.8175253447915563
423 0.8201571503808294
424 0.8158378891799329
425 0.7943367116519993
426 0.7987723168280025
427 0.8162507578750895
428 0.8173766408202939
429 0.8037935634039284
430 0.8033775657354201
431 0.811336192499773
432 0.7995581430159386
433 0.7858615300780432
434 0.8074205024906974
435 0.8129823679378793
436 0.8194140240036362
437 0.8112351736223802
438 0.8149585524472691
439 0.819453889165392
440 0.8208228792471036
441 0.8109889906777905
442 0.8302997052384512
443 0.8181126391525283
444 0.8062594809451397
445 0.8010153917128
446 0.7851605156670824
447 0.8078644456412782
448 0.8126057139458309
449 0.8133600539544922
450 0.8242087349585803
451 0.8039624228199257
452 0.8051985344568207
453 0.8039477659452477
454 0.7952540112435335
455 0.7947124529696953
456 0.774875938352111
457 0.7879055093632618
458 0.7748802175527134
459 0.7928668777942742
460 0.7931699562902598
461 0.7964963673909147
462 0.7911233398104834
463 0.782610751373388
464 0.7629966200688066
465 0.769727479131387
466 0.7763030920202253
467 0.7871309174101142
468 0.7865443383336991
469 0.796921522644125
470 0.8037567590631935
471 0.788675387830552
472 0.7966105526792889
473 0.7855849640395199
474 0.8108593920880374
475 0.8125264117305022
476 0.8025369983581305
477 0.8128057649058872
478 0.8295510889267078
479 0.8028047791744997
480 0.8156799429276571
481 0.8004593523267285
482 0.8136294012572174
483 0.8232947012984035
484 0.8203757550640471
485 0.8096516251639159
486 0.7898110012225646
487 0.79783075317724
488 0.8130562632297621
489 0.7964549520662781
490 0.7892585594723422
491 0.7749744899719624
492 0.7995455193512114
493 0.7724883314706026
494 0.7771801550797699
495 0.7961797567073573
496 0.7924968192191222
497 0.7830055407752509
498 0.7756347985833065
499 0.7710927943948606
N: 700 densidad: 7.0
0 0.029589787335431533
301 0.780495127951301
302 0.794007402728139
303 0.7944130474648814
304 0.800607803313557
305 0.8050111882986964
306 0.7885291979295135
307 0.7894580521393547
308 0.7797828003475689
309 0.7676733952628948
310 0.7851634339468965
311 0.8013421509561218
312 0.8110225215852159
313 0.8076614454106011
314 0.7987035567642989
315 0.8094319874487168
316 0.8012002402167541
317 0.8026069455668964
318 0.8075856004332144
319 0.8080306701827812
320 0.8031014049894584
321 0.80093373924096
322 0.7935338422918595
323 0.7897484810470472
324 0.8109210187704641
325 0.8160509620127013
326 0.8090544719419335
327 0.784236540717322
328 0.7866800367399879
329 0.7984907965611715
330 0.8016096008436949
331 0.8008147286319941
332 0.8150128072794316
333 0.8149832481303045
334 0.8158302076569148
335 0.8181398958061846
336 0.8082136344384914
337 0.7905736384405332
338 0.7926915650702313
339 0.7752055861909296
340 0.7731802347748649
341 0.784817567065487
342 0.7995060896460975
343 0.769398651447255
344 0.7813337700283315
345 0.7955742856059602
346 0.7925514966594006
347 0.7906706605021996
348 0.7835049338000869
349 0.8039870575277803
350 0.814895370688715
351 0.7960235028330725
352 0.8020748822735257
353 0.7715049690996656
354 0.7588665921266768
355 0.7694000500635296
356 0.7727519443856291
357 0.776282685883096
358 0.7772900733444821
359 0.7822575955452736
360 0.7952640031257344
361 0.7966377421665426
362 0.7956288978565121
363 0.7785279369196956
364 0.7949351170568951
365 0.7814017550365728
366 0.7810600149121659
367 0.7858814691609449
368 0.7943182336783734
369 0.7991992370460285
370 0.8051637506098503
371 0.7793742368559691
372 0.7636614569575528
373 0.7739244304785089
374 0.7684719257686397
375 0.7418580086955451
376 0.7132704752630481
377 0.7105203955477302
378 0.6952956459537879
379 0.7271753078325365
380 0.7405628477319494
381 0.7585084675556234
382 0.7470423876899888
383 0.7584646089371322
384 0.7674963328754947
385 0.7568618906963708
386 0.7850415712567819
387 0.7647930896875431
388 0.7780506181474852
389 0.7585339203780559
390 0.7866804189235899
391 0.7627394462986795
392 0.7813372998018506
393 0.7693821319633096
394 0.7528042107753217
395 0.7536444689340585
396 0.7636948850589879
397 0.7658257134969847
398 0.7646624907446797
399 0.7685257030437547
400 0.7667657562429531
401 0.7724957703029114
402 0.7792115314890069
403 0.793572745014985
404 0.7930813053355557
405 0.7700358967792656
406 0.7790499696294411
407 0.7694189967123738
408 0.760795819690187
409 0.7526223010149662
410 0.7682722124708177
411 0.7877835485770361
412 0.7697304379089613
413 0.7496216501961146
414 0.7461857588868819
415 0.7822661158225204
416 0.7926804808207196
417 0.7861207667552893
418 0.7946902192538317
419 0.7865350331117178
420 0.7935503665485628
421 0.7990954764621081
422 0.807647836389859
423 0.810599561259954
424 0.8002024680149676
425 0.7850788892427071
426 0.7714483313823018
427 0.7701028624257328
428 0.7795234458678004
429 0.7503371910970761
430 0.7412326062854904
431 0.7723687463652992
432 0.7923443116184776
433 0.7932247767814296
434 0.7743552379679828
435 0.7983665320560163
436 0.7732345715189902
437 0.7682260591169394
438 0.780882569378504
439 0.7746169552978079
440 0.7869148240534282
441 0.8012535197350628
442 0.7993039982127167
443 0.8054767952869416
444 0.8244188850917643
445 0.8274526213558321
446 0.8264390767152457
447 0.8329945226256728
448 0.8202052330366507
449 0.8143684199002108
450 0.8215677865406752
451 0.8237263156421337
452 0.8247017484900481
453 0.8134174890666979
454 0.8094339748040381
455 0.8078894852594138
456 0.7909006311670632
457 0.7882775521802582
458 0.7970175783914145
459 0.7868025320087239
460 0.7900108173887562
461 0.7750899147619108
462 0.7851165672918461
463 0.8064351464007358
464 0.8111365591999955
465 0.798168766789086
466 0.8037559009305925
467 0.788202275376653
468 0.7834196237720124
469 0.8111157702912182
470 0.8242744524634766
471 0.8179838024962693
472 0.8054979670830578
473 0.8056353295740808
474 0.8204311383749042
475 0.8090770922530007
476 0.8169455616089808
477 0.8030267392986529
478 0.7993550241971656
479 0.8094122579950414
480 0.7974819957537055
481 0.8087724272447199
482 0.8063442794928977
483 0.7877453685106214
484 0.763442016012168
485 0.7584328074989655
486 0.7571819692946358
487 0.7730177792778266
488 0.7693271356829141
489 0.749000908077396
490 0.7581532855845213
491 0.745956483074646
492 0.7775662602797392
493 0.7742387537588021
494 0.7858859760970396
495 0.791165164014715
496 0.8029246867872407
497 0.8077005484575686
498 0.7979887024465807
499 0.8139405299953123
N: 800 densidad: 8.0
0 0.031332734515407995
301 0.7911595734613833
302 0.7904547423735853
303 0.7888538568201219
304 0.7972384512222418
305 0.8132348183766226
306 0.791597768949034
307 0.8038678337814161
308 0.8155331157291578
309 0.8151250233225418
310 0.8275231738099912
311 0.8151995913215945
312 0.8253748064547879
313 0.8192125638549604
314 0.8233506031808036
315 0.8161039356533748
316 0.7925242679473841
317 0.7995460902929121
318 0.8026009904671603
319 0.8111091405021824
320 0.8020597829428796
321 0.8192985237535283
322 0.8229589539452409
323 0.797983971752514
324 0.8061928292656034
325 0.809238141718731
326 0.811609366154495
327 0.8010959416566955
328 0.8084094517892352
329 0.8163395407676548
330 0.8038446493785849
331 0.7984855484244918
332 0.8049635900417783
333 0.8054350380281119
334 0.8131627285542891
335 0.8101848998615785
336 0.8034703623255676
337 0.8024475403623068
338 0.8047556964875859
339 0.8036144566413884
340 0.8134426023080435
341 0.8131234495699472
342 0.8070090420024699
343 0.8018027365833658
344 0.8077099027665707
345 0.8047665710453286
346 0.8072257986836252
347 0.8201976253164195
348 0.8199827590765123
349 0.7931266843322979
350 0.791061972349698
351 0.8034580732249269
352 0.7903458266766017
353 0.7931303609052339
354 0.7899362819556849
355 0.7975771286356784
356 0.7950305315204894
357 0.7987988840352384
358 0.8039999223069207
359 0.807200383542054
360 0.8095667812633919
361 0.811222380035843
362 0.7883741131472269
363 0.7974111883477591
364 0.8010053712567823
365 0.811318920657588
366 0.8128905450695673
367 0.8316216694009692
368 0.8143021316188279
369 0.8063952552371569
370 0.797395510859728
371 0.8163847024322496
372 0.8078406964505286
373 0.8208598542008286
374 0.8070683561407247
375 0.8014949438986315
376 0.7974833675727798
377 0.8087013449653565
378 0.7994587548155244
379 0.8101084443142988
380 0.8022947364052362
381 0.8178807893791814
382 0.8131861592960706
383 0.8094929847587954
384 0.7886811956689028
385 0.7917245191650092
386 0.799910006218589
387 0.7856786081497485
388 0.7913356424770566
389 0.7899643848570927
390 0.7761101454172702
391 0.7660485525481779
392 0.7513057797793521
393 0.7344118063219868
394 0.7380474990066329
395 0.7668676721986046
396 0.7606023006500241
397 0.7418631752941133
398 0.7450802257827208
399 0.7557281847524506
400 0.7682554293198264
401 0.7910499984672913
402 0.7826774837421451
403 0.7931754860061625
404 0.8025165643859818
405 0.7827700761139941
406 0.7960113895621109
407 0.8039876870834752
408 0.7899530778433804
409 0.8050815021550934
410 0.797629529207886
411 0.8086434358013764
412 0.8067052431342977
413 0.8169080715024557
414 0.8069453609067105
415 0.8074155235128534
416 0.8129996333096757
417 0.7981704495865022
418 0.7990075465319725
419 0.7948913397477461
420 0.7892635998408571
421 0.7807153368574388
422 0.7809261711557056
423 0.7704208412531123
424 0.7942679873081865
425 0.7876907873924762
426 0.7830240010706833
427 0.7741223798799185
428 0.7843009509812346
429 0.7910852380549199
430 0.8096018047863663
431 0.7933360519770978
432 0.805804610951435
433 0.8017884915455529
434 0.8179124309571556
435 0.801518252008166
436 0.8129777235093224
437 0.785662625972369
438 0.8042673365902271
439 0.8078881913193706
440 0.7785269711362953
441 0.7846917413375777
442 0.8086033379412366
443 0.7942217661380111
444 0.7995246449060018
445 0.8135641957594637
446 0.8121000141135438
447 0.8238487813063604
448 0.8236815666386029
449 0.8211873368037429
450 0.8109415251194378
451 0.8169739901582073
452 0.8156539960289558
453 0.817991339209263
454 0.8107143300618005
455 0.8084024674116388
456 0.7996238886006374
457 0.7929595561550928
458 0.7936344215364444
459 0.788276740867778
460 0.7860429919541886
461 0.7928312242089485
462 0.7874481225449114
463 0.8043640548915444
464 0.8043040722647287
465 0.8019116496923345
466 0.8172154212659111
467 0.7970210898968987
468 0.792845128788453
469 0.81327331573581
470 0.8210994513863422
471 0.8145210949264623
472 0.7985370448690384
473 0.8170085355062068
474 0.8322572842973739
475 0.8290376597582384
476 0.8281704059981884
477 0.8180413383300428
478 0.8190380984694761
479 0.8349976601104571
480 0.8312611823387906
481 0.8273997684920924
482 0.8157068707326273
483 0.8169817169274718
484 0.8231493213257853
485 0.8175519106565293
486 0.8116851629151446
487 0.8063788076261548
488 0.8142327286977008
489 0.8100585803091516
490 0.8094731428650633
491 0.8077296290089598
492 0.8070146080272779
493 0.789472393109017
494 0.7811128452688311
495 0.7720888732337771
496 0.7837276536393553
497 0.7895092642244682
498 0.8155106088682701
499 0.8021684676243862
N: 900 densidad: 9.0
0 0.011563620982846547
301 0.7897319668165849
302 0.8055626936154037
303 0.8013698686227898
304 0.8034934587727146
305 0.8121268959069886
306 0.8263205375896461
307 0.821452405907941
308 0.824202486663668
309 0.8236528750169612
310 0.8086755340547692
311 0.7974968579720192
312 0.8093000178572703
313 0.7934893962825998
314 0.7986947823178047
315 0.7936773022624835
316 0.7883337919237469
317 0.7889114576646037
318 0.7897096727969285
319 0.8001747691517179
320 0.8132466332352591
321 0.8197621055917643
322 0.8127419866629696
323 0.8133037028851676
324 0.8264879337801193
325 0.825184106656438
326 0.8132366720648578
327 0.812230945976109
328 0.8145538392008975
329 0.8109353464633782
330 0.8246742408413241
331 0.8169502296078212
332 0.8199006196397634
333 0.8244644331948329
334 0.8260383029623198
335 0.8268149078123196
336 0.8224584345605663
337 0.8114100047468255
338 0.8277939493158764
339 0.8240592327126303
340 0.8132957600204476
341 0.8160092145326574
342 0.8039103705447991
343 0.8232933808705362
344 0.8407956341026527
345 0.8128865141552756
346 0.7934897110774161
347 0.7881964206150961
348 0.7946005244486445
349 0.7971560699881962
350 0.7904857271637992
351 0.7910343053682751
352 0.8030266730752776
353 0.7914730009077376
354 0.8088687652171266
355 0.8164451477509146
356 0.801061405483082
357 0.8044041611200259
358 0.8095142493532032
359 0.81517102067493
360 0.8034837462099483
361 0.7948994596961121
362 0.798264387539974
363 0.7993144771725442
364 0.8151892731169613
365 0.8063579084894599
366 0.7972705248730889
367 0.8047762290695426
368 0.8041951615582984
369 0.8018172187774469
370 0.8017379843013092
371 0.8026571745542648
372 0.816581076006687
373 0.8066717577239447
374 0.8110904717179489
375 0.8102359790322511
376 0.7999855670983506
377 0.7895967338937083
378 0.7990405171018898
379 0.7916840730557958
380 0.8117692182688392
381 0.8024769478602919
382 0.8072911587402606
383 0.815355540612371
384 0.8037163323247236
385 0.8135576315604309
386 0.8214584390451058
387 0.8256485010689586
388 0.8305863724435999
389 0.8090447998493414
390 0.8097050140472362
391 0.8165824561511827
392 0.8192580665393391
393 0.812858943885862
394 0.7978070838493536
395 0.8175375544873703
396 0.8018807084649601
397 0.7970408334760385
398 0.8015682999002932
399 0.7979116334478598
400 0.795674054824773
401 0.7969301587976129
402 0.803751514390539
403 0.8217730983196085
404 0.8051556022914836
405 0.8156952378267369
406 0.8104612466142384
407 0.812922755473773
408 0.8174871196426859
409 0.8193144867259775
410 0.8300201222523782
411 0.8153362947712297
412 0.8038172145476928
413 0.803598515200372
414 0.7971561857962206
415 0.8090303193664349
416 0.8089032333248168
417 0.817917844419685
418 0.8295495475853591
419 0.8261733316350074
420 0.8103956451985396
421 0.7853879315848717
422 0.8008266989062919
423 0.7842473240681774
424 0.7885553522662865
425 0.7933742436083641
426 0.7779592539329833
427 0.7646766296519247
428 0.7441203356716356
429 0.744857798791943
430 0.7554066622991918
431 0.7484568520547498
432 0.7564939010986552
433 0.7568858963069018
434 0.7660922798323304
435 0.7595387870706752
436 0.75744285339041
437 0.787105954102537
438 0.7980928399972151
439 0.8166683066849205
440 0.7957151180897142
441 0.7988665912452068
442 0.7867407127137833
443 0.7849423759768989
444 0.7923884139861963
445 0.7967539014736004
446 0.7982285104983924
447 0.8092771305645949
448 0.7874002404225294
449 0.7995929795055525
450 0.8166275968743394
451 0.8332871866091
452 0.820081644205496
453 0.8207953600859137
454 0.8216788997962149
455 0.8164817358824996
456 0.8131256289899299
457 0.7974989909413481
458 0.7892678338062772
459 0.7937627272095512
460 0.7825320389250698
461 0.8038141099308658
462 0.8061404937031997
463 0.8122394434657197
464 0.8210208845363871
465 0.8231060173969178
466 0.8147270312071556
467 0.8080353844869448
468 0.816993541588941
469 0.8173647438996652
470 0.8237408613828021
471 0.8171812458010577
472 0.8092864189903687
473 0.8035899425675839
474 0.8211400391505428
475 0.803857281788048
476 0.8037352694227405
477 0.7999540834457777
478 0.8048084600392511
479 0.8165171720803812
480 0.8090976020253018
481 0.8013039618780863
482 0.8095045854041019
483 0.8163618248731085
484 0.8189875090781475
485 0.8219943123375798
486 0.8234257944072532
487 0.8015502050548418
488 0.8168706321668019
489 0.8106555240505102
490 0.8145243684879413
491 0.822772822596174
492 0.8143686773692662
493 0.8094866976723187
494 0.8264421144957672
495 0.8175051881909776
496 0.8136085197969559
497 0.8065065950398617
498 0.8141078100926517
499 0.8076399597042697
N: 1000 densidad: 10.0
0 0.02689062277079587
301 0.8183079579694021
302 0.8071350874310156
303 0.8231118204988461
304 0.7950202347581912
305 0.8043882049267804
306 0.8187699613770106
307 0.8299472128694237
308 0.8307146848345209
309 0.8272711916230395
310 0.8355913853103684
311 0.8269516889918455
312 0.8327549032403196
313 0.8334038826473286
314 0.831838675914589
315 0.8314155041484096
316 0.826927158593777
317 0.8185883706227484
318 0.8281175703834508
319 0.8188495257517816
320 0.8271399185400327
321 0.8174042436517037
322 0.8227140133081068
323 0.822401045719644
324 0.8157073582332692
325 0.8145956011954224
326 0.8105721888123886
327 0.7970302400642593
328 0.7983198522717725
329 0.8057926505763366
330 0.8101969028881189
331 0.7987584629802496
332 0.810750706204305
333 0.8151411185421822
334 0.8194180169104702
335 0.7987326805450105
336 0.8130114351063715
337 0.8109292360044875
338 0.818952880869544
339 0.809551894162546
340 0.8094737734737859
341 0.8098951243919814
342 0.8034176474177965
343 0.8044331891769825
344 0.8019760665274432
345 0.8049114194104321
346 0.8008129686708757
347 0.8012947391080313
348 0.7950269631393385
349 0.7855407682991207
350 0.8021404814994741
351 0.8106259934185174
352 0.8059432855293297
353 0.8018301869199946
354 0.8108989269170869
355 0.8034051120053919
356 0.8096496459840172
357 0.7996234432330199
358 0.8062791732146043
359 0.8104210166711423
360 0.8215848770513169
361 0.8251446991296539
362 0.8218473554049374
363 0.8246272428610442
364 0.8119793006331442
365 0.8096223274147097
366 0.8162404580314597
367 0.8092579381722841
368 0.8133151115521885
369 0.8056059240505993
370 0.8200583730867107
371 0.8182073652260456
372 0.8156241984770821
373 0.8174965449921822
374 0.8059044093450929
375 0.809185730212369
376 0.8134063146540507
377 0.8094178647607687
378 0.8174410545724327
379 0.8048405433736829
380 0.807492838870756
381 0.7979483424625546
382 0.8157164735038084
383 0.8238364421148375
384 0.8145536197176235
385 0.8159178602611211
386 0.8077484780039956
387 0.8056690601054783
388 0.798016996820743
389 0.7715737871221714
390 0.7758563836093848
391 0.7750859723517661
392 0.7880657762494201
393 0.788905704235159
394 0.8030702053262984
395 0.8149177018214133
396 0.8165333143042134
397 0.8086098914728318
398 0.7991445300123865
399 0.7923635613177866
400 0.8068147111710268
401 0.8018022026208584
402 0.8039639684665548
403 0.8138522136791345
404 0.8090573937104272
405 0.8080845439623621
406 0.8178149783534239
407 0.8046245950579874
408 0.8205624288432504
409 0.824883234016817
410 0.8218438447307417
411 0.8342237945128055
412 0.8237059025814142
413 0.8292909853534038
414 0.8310399445408184
415 0.8327347480389184
416 0.8326863615735415
417 0.8301937108476147
418 0.8216959305268905
419 0.8253663203304313
420 0.8260553607331691
421 0.8236517258262386
422 0.8265569595400885
423 0.8063641607066389
424 0.8180177152372257
425 0.8129563074778384
426 0.78757587929269
427 0.7827530167539741
428 0.7993105733876077
429 0.8028121321454571
430 0.8003638345824615
431 0.7990147737672618
432 0.8177581528238955
433 0.8204030767981877
434 0.822972194455814
435 0.8157670794508881
436 0.8236363303058883
437 0.8167555689658682
438 0.8150929470673861
439 0.8136419732893784
440 0.8002563567907809
441 0.8220249156661499
442 0.8223313218077742
443 0.8246414336675281
444 0.8232599887166113
445 0.811160856306332
446 0.8041109615193986
447 0.8011439366623487
448 0.7941112214776954
449 0.8054740103448416
450 0.8173073744274593
451 0.7929164644854702
452 0.8043019439181617
453 0.8019446851500959
454 0.8085008315747643
455 0.8089466356373136
456 0.8067237806001134
457 0.8146066653354502
458 0.813745679158394
459 0.8021279803311532
460 0.813705695268592
461 0.813539408983344
462 0.8227226813773338
463 0.8070026702420979
464 0.8070760354623354
465 0.8145713600110661
466 0.7997299167574042
467 0.8068738574946012
468 0.8081428513171409
469 0.8111409147881595
470 0.8236491473296749
471 0.8212189820628825
472 0.8062370342186522
473 0.8092073345377959
474 0.8000996664847028
475 0.8146715367212938
476 0.818727267926639
477 0.8083915308147659
478 0.8172973863765577
479 0.8184354419438393
480 0.8177667042552339
481 0.8251221854859999
482 0.8198130603358814
483 0.8190030623330288
484 0.8233354094215016
485 0.8277372109532567
486 0.8269424195313496
487 0.8281744515092999
488 0.8063994928901841
489 0.8044851540202497
490 0.7913151790537654
491 0.7914315665292074
492 0.7999032428690652
493 0.8000560056595901
494 0.7926691596895833
495 0.7950525775695624
496 0.8013763111268838
497 0.7929905443596151
498 0.7968105664478711
499 0.7986296341162714
