N: 100 densidad: 1.0
0 0.02773069483223672
301 0.43844514692628017
302 0.5008039458096869
303 0.4338695991530743
304 0.4196485609110534
305 0.4454503731305666
306 0.37917089348450084
307 0.34995021795237563
308 0.4112276325085298
309 0.49321231951403477
310 0.5065617369785888
311 0.5729758025168915
312 0.563764791689843
313 0.5015942394429581
314 0.5585495990623212
315 0.488967881920832
316 0.4617058292543408
317 0.4539263649963386
318 0.40745702269232886
319 0.41638961851296946
320 0.4263662690507475
321 0.4398571616899984
322 0.35999966890588087
323 0.37684247406999477
324 0.37427110249861434
325 0.4912611929405551
326 0.5064330382938322
327 0.5490041870016295
328 0.5924524734263839
329 0.5885805361436185
330 0.5759453024285645
331 0.6474591876527301
332 0.6613197928582427
333 0.6925207594391334
334 0.5660121360561997
335 0.5473484934721285
336 0.5359048055493304
337 0.5605773491746725
338 0.5530599925857268
339 0.6585627464866929
340 0.6623444150211399
341 0.660036983913482
342 0.5930780533350354
343 0.6556430980512774
344 0.6583795906447697
345 0.6467454226182501
346 0.6831392487183302
347 0.7359474342871314
348 0.7479943547607206
349 0.7250609619114964
350 0.7440431339221245
351 0.6729158801317651
352 0.7015324814105327
353 0.7262319268896226
354 0.7483269598358074
355 0.7238673433630051
356 0.6576651568785181
357 0.6800679696379817
358 0.6936456172449305
359 0.6718099826313155
360 0.6199566275002852
361 0.576306971674194
362 0.5995096260662133
363 0.6582147691136682
364 0.7331284651966744
365 0.7084166346788486
366 0.6759699109082139
367 0.6951773243141065
368 0.6248224660982664
369 0.578188076346527
370 0.6133101713756427
371 0.5673940659875444
372 0.4689832465416853
373 0.5039789042278068
374 0.46154484888013664
375 0.4254141606643746
376 0.40053144874608776
377 0.38091636044239136
378 0.45202117339431286
379 0.4513293432295837
380 0.49236629540387405
381 0.5121704487184654
382 0.5228883877095131
383 0.5033283968368375
384 0.5076069703862027
385 0.4730441123201321
386 0.5046416937326682
387 0.5162336513640251
388 0.5606565820746605
389 0.455574497670671
390 0.33977553404638255
391 0.4655811617939103
392 0.3819113043571651
393 0.3727464282758373
394 0.3871996325301909
395 0.38161599207408553
396 0.3547963940163365
397 0.3478785520279357
398 0.37757369326681883
399 0.3123050665333266
400 0.2258605361010894
401 0.2991552206135276
402 0.29498489633797853
403 0.31127574157894566
404 0.2704919093362162
405 0.30924907275139285
406 0.4288435334469029
407 0.38102856494296106
408 0.3334709754228011
409 0.3759576473168291
410 0.29106684379037157
411 0.36194596461671974
412 0.47387348612354524
413 0.5465358743618892
414 0.4507239349847432
415 0.44019468558617586
416 0.39584342194368366
417 0.3494310654290509
418 0.31687881474093266
419 0.338659741915436
420 0.3804957462453596
421 0.3994382664939587
422 0.39922231524714746
423 0.449038777825814
424 0.4568647049794106
425 0.5256207896807821
426 0.5378555067506755
427 0.5312875296996403
428 0.5593830739253379
429 0.6096204784856575
430 0.6209617662176398
431 0.6920221268419052
432 0.641353384906572
433 0.6489524900011179
434 0.6266657775822682
435 0.6069409186986529
436 0.542890171709758
437 0.6084663208306614
438 0.5737768603566965
439 0.6096805970745893
440 0.5887865371744005
441 0.5680223676305145
442 0.5997918946755222
443 0.586619494188971
444 0.5909826148736557
445 0.5661107773564237
446 0.5143528268774821
447 0.5002502049785543
448 0.4964293754806932
449 0.5223299644543294
450 0.5402823338984704
451 0.5613231314567915
452 0.5848323703014242
453 0.4930973218290085
454 0.42896446897837365
455 0.38398225282583875
456 0.4825939378200485
457 0.45181148388328424
458 0.58373707600331
459 0.5580891236261475
460 0.5115460765459037
461 0.5379757262800409
462 0.4707704870054599
463 0.43796105900214427
464 0.41914478181292286
465 0.46451536813675115
466 0.4471967139946656
467 0.5367387496701398
468 0.5550421668385035
469 0.549108787486852
470 0.46398876127412086
471 0.5547136468852151
472 0.4832562080330402
473 0.5044130152126138
474 0.4167130805923969
475 0.5532675847187137
476 0.5004262375735121
477 0.505024000432277
478 0.5502402988106344
479 0.5555540049196642
480 0.485962312250611
481 0.5121130894039229
482 0.5058859733393504
483 0.5340982687502923
484 0.6203236185746429
485 0.5823367275757593
486 0.6026883739331721
487 0.5991298202068677
488 0.5863036749167607
489 0.4729615267301373
490 0.47938999500486795
491 0.5009977646412263
492 0.5675590288472085
493 0.5715368033882823
494 0.6318998305853858
495 0.6829525384540177
496 0.6840468045297508
497 0.710864273540854
498 0.6888497031760178
499 0.6837306831916625
N: 200 densidad: 2.0
0 0.019506014533325178
301 0.6623106676552292
302 0.6613533394557793
303 0.7310302495673113
304 0.7568806650106777
305 0.6913417225601183
306 0.7108418268986575
307 0.7169157912536751
308 0.7264273172056761
309 0.7228550925106422
310 0.7284579827527652
311 0.7138860308081281
312 0.7180361547431774
313 0.705196373460396
314 0.6854207399415989
315 0.701984916598172
316 0.724768716336038
317 0.7351193548239574
318 0.7399423451920017
319 0.7012470567913391
320 0.699617964301409
321 0.735903465042863
322 0.7291851255419108
323 0.7174114279461162
324 0.720034145239759
325 0.7247767892120449
326 0.7170767564810318
327 0.7402620068227694
328 0.7034311768542444
329 0.6811108120487108
330 0.7166393078447296
331 0.7036402775056677
332 0.706267122953442
333 0.7147554103024731
334 0.6611332500415031
335 0.6528187341851246
336 0.6542188211844439
337 0.6613052057590857
338 0.6297256861910282
339 0.6387701830204775
340 0.6281872365159901
341 0.6802428293627458
342 0.6785891534023101
343 0.659686431780709
344 0.6630533565624149
345 0.6333647570790715
346 0.6001132984286933
347 0.5835357068607113
348 0.6464979105678055
349 0.6646414596926912
350 0.6780644632948
351 0.6751803035497822
352 0.6545008451871719
353 0.6209335605896725
354 0.6465714684903101
355 0.6384691469026428
356 0.633523372009305
357 0.6242861393624706
358 0.6500393017645042
359 0.6604527114864511
360 0.6537499383648726
361 0.7027268773021773
362 0.6478001658165314
363 0.6414085646773603
364 0.6548687010589583
365 0.7050763764469395
366 0.6873238332281765
367 0.6895320418578725
368 0.6792927609288789
369 0.6657992041824587
370 0.7091407172566488
371 0.6476923568481783
372 0.6224405598419425
373 0.6396782624206733
374 0.6709110139627729
375 0.6690736445281046
376 0.6408187061344758
377 0.6317497795245655
378 0.6668041260236034
379 0.6376857305102682
380 0.6880993877220919
381 0.6651863184406829
382 0.6588136248490516
383 0.692300472027977
384 0.6767812843755171
385 0.690530768189446
386 0.6906267811816623
387 0.6906282813985102
388 0.718768755244822
389 0.7157663722871929
390 0.7458895734390074
391 0.7632551086289424
392 0.8069172782289141
393 0.7612582765208654
394 0.7945139084540914
395 0.7737804676841306
396 0.7224375480998818
397 0.6968256130790897
398 0.7475493368163786
399 0.7370978725698211
400 0.7037248726022968
401 0.6890308755568332
402 0.6781790452182412
403 0.738900442262414
404 0.7614744650837265
405 0.6998036902318598
406 0.7033746410331867
407 0.6359133687451137
408 0.6152826997107211
409 0.5737180906227092
410 0.6171960648059871
411 0.5773660747844034
412 0.5486976071295201
413 0.5256171523846002
414 0.5451143176123068
415 0.5155624670756935
416 0.5093733322311261
417 0.5475415016251334
418 0.5924533042095869
419 0.5932013699635096
420 0.5431579372847759
421 0.5587711160819877
422 0.5403986526677645
423 0.5180700195267637
424 0.504930810812558
425 0.5489620469257981
426 0.5416652985222632
427 0.5736352985015715
428 0.5486633083892404
429 0.526861443536638
430 0.5042520901759987
431 0.571766425280637
432 0.54553186409574
433 0.5757693218579204
434 0.5814667481584654
435 0.605658889930002
436 0.6340407117640808
437 0.6779641024679367
438 0.6875431803861329
439 0.6631570616494827
440 0.7074766991587524
441 0.7018996532345617
442 0.7170936448796362
443 0.7154279943429483
444 0.6601309349968606
445 0.6282110110662191
446 0.6230477067165188
447 0.7119045297272987
448 0.6381483638337779
449 0.5856668322185811
450 0.6049144712604068
451 0.6359570039850836
452 0.6000198176181545
453 0.6059540801336615
454 0.5718158203855152
455 0.5887376479668244
456 0.5623201799026131
457 0.5389652700366796
458 0.6433345725428554
459 0.6767460577661634
460 0.6428091830692715
461 0.6614568836942657
462 0.6247414059007933
463 0.6559542526228276
464 0.6334625645169848
465 0.6429504538105558
466 0.5942599916765743
467 0.5576971065985553
468 0.5587893690163349
469 0.5988574934269552
470 0.6353380951789324
471 0.587997084210971
472 0.6082922964475531
473 0.6238563399103206
474 0.562463631273236
475 0.53673936185088
476 0.5111858817971909
477 0.5558151788268092
478 0.517335366633091
479 0.5559363506783339
480 0.5663599626128094
481 0.5840156247608747
482 0.5996373076619601
483 0.5997972570264932
484 0.6463864792489611
485 0.6506271040213538
486 0.6889480881447755
487 0.6389262935039052
488 0.5983812923573602
489 0.6281947379899945
490 0.5783706586028498
491 0.4954219009037662
492 0.5033497441170791
493 0.49000265027999884
494 0.44062408340598663
495 0.47008218280341557
496 0.4601222983995225
497 0.509654584702979
498 0.5530144369819092
499 0.6225692106854309
N: 300 densidad: 3.0
0 0.027478056793639488
301 0.7009492873197903
302 0.679948585221976
303 0.7429176727382096
304 0.7382112129057972
305 0.7489383780755223
306 0.7362963387351287
307 0.7418252728766248
308 0.7639720765018246
309 0.7632696475642271
310 0.7203795069847012
311 0.7269011296232607
312 0.7241041905931835
313 0.7212547291190913
314 0.708846852082335
315 0.7493041847303366
316 0.7440048315353212
317 0.7458402807987662
318 0.7717022687567918
319 0.7776312816812775
320 0.7820952477421166
321 0.7302028476927739
322 0.7476765358894988
323 0.7502935627380857
324 0.7400515767144706
325 0.7445259442275514
326 0.7405261622269351
327 0.7462164587531158
328 0.7577688854154462
329 0.7176610827152764
330 0.711629352861853
331 0.6639209505608943
332 0.6689495720900623
333 0.6834242239491606
334 0.6708838910984203
335 0.6636016989427922
336 0.6599100433094879
337 0.6721188851231849
338 0.7164467112566049
339 0.7252823024810915
340 0.7278842977489244
341 0.7328840815294285
342 0.747507473763801
343 0.7541579263037121
344 0.7487373737642755
345 0.7663870856515484
346 0.7915089957770107
347 0.7864307760153136
348 0.8061804444181541
349 0.8030214256473256
350 0.8003789771506661
351 0.7936912238159843
352 0.7849956139385027
353 0.7751104113524986
354 0.7693590426961646
355 0.763748876896567
356 0.7132633736058346
357 0.7443120413846748
358 0.7235754305171541
359 0.7230125497538493
360 0.7510168670834837
361 0.7188727358942679
362 0.7085008026364017
363 0.7404806502870236
364 0.7374516360473133
365 0.7512954289989452
366 0.7455596242573074
367 0.7928337972997467
368 0.7705822841817779
369 0.782053670802537
370 0.7382629554057857
371 0.7394554889962994
372 0.7298293847934495
373 0.7496896606192897
374 0.7375860433265653
375 0.7616431021804895
376 0.7435190702706329
377 0.7643790449614981
378 0.7466394959569205
379 0.7514637353011743
380 0.7729915764192788
381 0.7904555300987829
382 0.809484831884833
383 0.7865084047735187
384 0.7693966837091752
385 0.744299638836353
386 0.7618505147058977
387 0.7630500739786253
388 0.7550712505274993
389 0.7465149123600205
390 0.7445004353462994
391 0.760248542099481
392 0.7648282283121678
393 0.7486551343635728
394 0.754700516966916
395 0.7207873104156097
396 0.7345117738507876
397 0.7085541515887527
398 0.6793083445393971
399 0.7352643445754813
400 0.7533765063534038
401 0.7185410807589309
402 0.7050705353133997
403 0.7332654967449832
404 0.7653371834559672
405 0.7734081275783931
406 0.7470477784635849
407 0.7530325298549113
408 0.7494957146821495
409 0.7179484055238494
410 0.6752690495560912
411 0.6712737809919004
412 0.664975955227821
413 0.6918991712384658
414 0.6795518654474437
415 0.6468315896972967
416 0.6344134225395679
417 0.6611080642600768
418 0.6652455330662197
419 0.7033841674709339
420 0.7299466643128665
421 0.7379278738935943
422 0.7192293035503385
423 0.7581893680470068
424 0.7580820778416322
425 0.7285874143879382
426 0.7273341290417578
427 0.7365229056798918
428 0.7449026272297146
429 0.7368747194514521
430 0.7313349414851097
431 0.7113806489495597
432 0.7331570944594222
433 0.6810797305066001
434 0.6555497127627723
435 0.6927925750056159
436 0.7391155363179576
437 0.7433001276471777
438 0.6914655606223981
439 0.7184417322004246
440 0.7057718921982749
441 0.7142330203668255
442 0.7642112537204007
443 0.728110057276155
444 0.6916182730254454
445 0.6853662157752918
446 0.6799051406901913
447 0.6741722129232799
448 0.7380548265806808
449 0.7239563625422734
450 0.7002064228762445
451 0.6819887606929564
452 0.6980824916825195
453 0.7245478504227001
454 0.7390766697157596
455 0.7205608841923439
456 0.7705462633906953
457 0.7540434080764331
458 0.7392589545667594
459 0.7085004744747715
460 0.7131756850534289
461 0.7258302395293286
462 0.7438884543514378
463 0.7319157547042298
464 0.7019414668277497
465 0.6659936658522146
466 0.6367864143715168
467 0.6369072758132812
468 0.6783679238532188
469 0.6488263679395205
470 0.6277134250010357
471 0.6224150763538222
472 0.6337805428208099
473 0.6387466425358244
474 0.6387091436166672
475 0.6512014134010525
476 0.6389406087968785
477 0.6372854586653556
478 0.6736361914278404
479 0.6688356589252182
480 0.6406276320998974
481 0.662861382365544
482 0.6612560014910396
483 0.6458789938742369
484 0.6409524104383161
485 0.5782434326603537
486 0.5634259149479046
487 0.5426328742056946
488 0.5438966793561081
489 0.5909952541893877
490 0.6318587299335432
491 0.6938453321702273
492 0.6565942204761043
493 0.6462337791175536
494 0.7017736976390689
495 0.6818648078209469
496 0.6822816754840759
497 0.6719510888445734
498 0.6657253608765047
499 0.7081291788244802
N: 400 densidad: 4.0
0 0.04855885839850213
301 0.7384051060436766
302 0.7968904406889358
303 0.7850261394040463
304 0.7802265912103472
305 0.7602387357047234
306 0.7549795922333944
307 0.7632527461622732
308 0.7903777172505316
309 0.7887755884593038
310 0.7730200929414286
311 0.7580451874486626
312 0.7879489173628254
313 0.7990061680924976
314 0.8090272360085756
315 0.8035209909767111
316 0.7796435864525869
317 0.7662274400489641
318 0.7622270107763832
319 0.7857363940670075
320 0.7926682046400515
321 0.8077098157449302
322 0.7927141004447861
323 0.8231958709727646
324 0.8053010198744831
325 0.7866088497055607
326 0.795118817958763
327 0.8026046592096295
328 0.7923009023859954
329 0.7993985534470528
330 0.8091914025667598
331 0.7899171750078883
332 0.7859895504969147
333 0.8002081993233592
334 0.8082626536695309
335 0.7934094562937748
336 0.7769177991440174
337 0.7748678467119055
338 0.7882365754859056
339 0.8072115878732151
340 0.7950414234455812
341 0.7887254103590567
342 0.792710719932189
343 0.7871757516232282
344 0.7872640218694578
345 0.7585497640948148
346 0.7416649751420693
347 0.7541414090282297
348 0.7217970579176171
349 0.773289710737091
350 0.7608209179850777
351 0.8141547838281725
352 0.7878123704760998
353 0.7816862745501121
354 0.7743313452872895
355 0.7713334299753051
356 0.7809009760853689
357 0.7844672457848425
358 0.7547608419372903
359 0.7640972005795392
360 0.7949939735389183
361 0.8177549503805582
362 0.8135888524130958
363 0.7998571144917666
364 0.7923665464348767
365 0.7814498749884525
366 0.7729467549878696
367 0.7847255029068569
368 0.7889225930292855
369 0.8149060868389556
370 0.7892996835670297
371 0.8049024381857205
372 0.8029862890840541
373 0.7781010120616956
374 0.7894770489557779
375 0.7831822555111808
376 0.7982504382411094
377 0.7998350527916149
378 0.8063935687225335
379 0.8006463809607416
380 0.7873545340495659
381 0.7869219689838465
382 0.7596681167929038
383 0.7659677079526728
384 0.7674753307781627
385 0.7386403650957253
386 0.7699791483021844
387 0.745936702133625
388 0.7530902775895355
389 0.7598130798490238
390 0.7019438279612186
391 0.7447746373416703
392 0.7428301840903169
393 0.7214000060675887
394 0.6886866447030656
395 0.6812560681613135
396 0.6973007108822732
397 0.7074238548078188
398 0.7085403523932028
399 0.7272873497605842
400 0.7098538915476155
401 0.7320988347969285
402 0.7371083817103203
403 0.7355053008206763
404 0.7011717056975213
405 0.7133807554343171
406 0.7186056465570833
407 0.720856475614933
408 0.7354157736900316
409 0.7327268841060942
410 0.7379107064766065
411 0.7309076683729736
412 0.6939777333900715
413 0.7103344305491902
414 0.7006850645217858
415 0.6916353441789443
416 0.7129080464861152
417 0.7330491606454883
418 0.6917096312950974
419 0.7205077450898308
420 0.7111344540215988
421 0.7438873984301789
422 0.748229507224663
423 0.7465622517325275
424 0.7337236011687683
425 0.7522106677255449
426 0.7370286130704153
427 0.7668829137276666
428 0.7605194982105181
429 0.750841821653124
430 0.77585961195944
431 0.779154138380657
432 0.7788870002612004
433 0.8063702445992752
434 0.8246827323899907
435 0.7874014202165694
436 0.7723232437271337
437 0.7583479259590536
438 0.7625438882879579
439 0.7655643317620994
440 0.7066002606197407
441 0.6970755511736649
442 0.7069015775664479
443 0.7173370388296667
444 0.7188140203996148
445 0.7066105782357898
446 0.7249484619379944
447 0.7196019813544381
448 0.7427950342029627
449 0.7378219737015811
450 0.761345023061225
451 0.7701668646225972
452 0.7387573682849947
453 0.7443908605089429
454 0.7439165832894944
455 0.7432335768063562
456 0.7586159713997458
457 0.7837374686845182
458 0.807665179177647
459 0.7933364862742844
460 0.8108553486176189
461 0.8101412507008243
462 0.782046886450846
463 0.7818835971278092
464 0.7797766610071774
465 0.7740015088751253
466 0.8002708053489264
467 0.7867997329258382
468 0.7550099371100442
469 0.7739786842448922
470 0.7782928009831626
471 0.7888894042055866
472 0.8063260182218174
473 0.7993437845180179
474 0.7721683988209933
475 0.7548354267932437
476 0.7665401106385042
477 0.7169864679536943
478 0.7184883106094656
479 0.7077572342985645
480 0.7115467858898805
481 0.6993453244399613
482 0.6415337381410376
483 0.6079170358961739
484 0.6523917575850603
485 0.6851583387576249
486 0.6696615441820489
487 0.6476187175340841
488 0.6810474759442888
489 0.6504100602357178
490 0.6690178207347969
491 0.7042589528688744
492 0.6914042730938492
493 0.7237941740317145
494 0.7332610707175022
495 0.7562826716622193
496 0.7695193855352783
497 0.7470140694019233
498 0.7324302725745384
499 0.7435437518451105
N: 500 densidad: 5.0
0 0.012209484713487094
301 0.7660257086428534
302 0.7630207506102418
303 0.7571295814854561
304 0.7539458427143304
305 0.7491518393681303
306 0.7344092639600959
307 0.7344308775317678
308 0.7356430960870569
309 0.7653403041952987
310 0.7715258346824941
311 0.7692190041366167
312 0.7727012893897505
313 0.7842335453544729
314 0.76789721525772
315 0.8060590700594635
316 0.7912209245324401
317 0.7771474391261279
318 0.7734622967235777
319 0.7955244483212315
320 0.8041124303136638
321 0.8089172894618795
322 0.8054825797978176
323 0.8038106204245958
324 0.7932385964857708
325 0.7984896508673197
326 0.8079137637589153
327 0.8108628883371174
328 0.8013867053960304
329 0.8123466285463821
330 0.8033309521797336
331 0.7965480942756697
332 0.8088866066864052
333 0.8185583555176026
334 0.8156365446574815
335 0.8098641821427477
336 0.7929637341990233
337 0.7659310833332664
338 0.7949798773485973
339 0.7982003635741504
340 0.7560155392620127
341 0.7938904307528998
342 0.7594731705461515
343 0.7550040317724164
344 0.7654351778607617
345 0.8092382723458278
346 0.8113149934151754
347 0.8069161185984383
348 0.8242000675836572
349 0.8227589931558426
350 0.8122397263637536
351 0.799465908184302
352 0.7899477720186047
353 0.7874776579653309
354 0.8099877575565322
355 0.797282776721891
356 0.7974784444428198
357 0.8185970539744073
358 0.819172486171891
359 0.8174325316465322
360 0.8122880138889784
361 0.8069876028896998
362 0.8094757620295113
363 0.8116100440434211
364 0.7998008830765112
365 0.7903542797434869
366 0.7632647176450822
367 0.7599371534568448
368 0.7635112710540946
369 0.7652293238752891
370 0.7469123483712818
371 0.7387130040863227
372 0.7561175061426743
373 0.7752556914604789
374 0.7664447792026016
375 0.7646244577237395
376 0.7468918880695185
377 0.712804286048599
378 0.7303818371040153
379 0.6974883807948722
380 0.7142996769205108
381 0.7105564113019706
382 0.722458844581262
383 0.6973286842302903
384 0.6595378317290276
385 0.6787007558490679
386 0.6661915840917388
387 0.6749990190975598
388 0.663013155833678
389 0.6674657843406961
390 0.7057259871433043
391 0.6840548138332083
392 0.706508603711895
393 0.701722180000328
394 0.7056588334014359
395 0.6988764863897949
396 0.714355803050924
397 0.7075938465815006
398 0.6971344878319573
399 0.7223339722659258
400 0.7313708233388279
401 0.7161164768408006
402 0.6995880014719144
403 0.7060509658960442
404 0.7100133564994499
405 0.7055476310568097
406 0.717687704902591
407 0.7104668160153983
408 0.7078842381137268
409 0.7073204695215
410 0.7186535936889114
411 0.7021894744636235
412 0.7038099950470124
413 0.7268886448927768
414 0.7278047945253155
415 0.7134513727948466
416 0.7247471356685354
417 0.7428147156109163
418 0.7436989997793152
419 0.7452434976241332
420 0.7173323886924181
421 0.7138188759981665
422 0.7225883107423421
423 0.7422707280452538
424 0.7438640178899001
425 0.7249521324534822
426 0.7744006633554482
427 0.7430564014828582
428 0.7403224602936324
429 0.7248506339195223
430 0.7501754525122598
431 0.7720333411919389
432 0.7793189903964073
433 0.7618826297012801
434 0.7629865172722543
435 0.7809446693533675
436 0.7841773728238055
437 0.7627727039239378
438 0.7517232232673406
439 0.7649258427990272
440 0.7449234709634293
441 0.742336185012487
442 0.7592056653382874
443 0.7839449352697969
444 0.7898097567789397
445 0.7873805969894824
446 0.7729011899069541
447 0.7905790275877798
448 0.7499729991628609
449 0.7546979989528996
450 0.7627321922294148
451 0.7815466351967161
452 0.7852054954707597
453 0.7683164029281532
454 0.741606994930639
455 0.7621929064471994
456 0.7347395236852639
457 0.7585551741728144
458 0.7775971961598589
459 0.7656969365795816
460 0.7661757809554515
461 0.7918843069141394
462 0.7747073007007113
463 0.7470640351432525
464 0.7267727242355406
465 0.7421879112417832
466 0.7108144782209834
467 0.6884741294976169
468 0.7220052568853631
469 0.6990040957990538
470 0.722467078154622
471 0.7051359171909282
472 0.7526856198654197
473 0.7495115640986971
474 0.7252673383268687
475 0.7187177320082768
476 0.7242362441127522
477 0.7444107905460318
478 0.7534609526048245
479 0.7092800756615733
480 0.7181109758620915
481 0.6691441387035375
482 0.6796074402324565
483 0.6785652028918254
484 0.7017674346575906
485 0.6981858810809414
486 0.6766596354295611
487 0.6654893307929
488 0.6664016899233532
489 0.6786189314388144
490 0.6780179778253813
491 0.7055647647377518
492 0.7102505339978589
493 0.701135903486835
494 0.6885744575695322
495 0.7239407933536963
496 0.7486655803450674
497 0.7765812671468655
498 0.7756232763365388
499 0.7901972711244906
N: 600 densidad: 6.0
0 0.02251925142651498
301 0.8184544037733557
302 0.7897945946409464
303 0.8059098359072501
304 0.8124922059299973
305 0.8006713961090969
306 0.8032020479024858
307 0.7968918735437129
308 0.8047001522672474
309 0.8129474635440226
310 0.8134288566404438
311 0.7922130700539971
312 0.7982354304102807
313 0.8074088221332487
314 0.7948573730587281
315 0.7975169919319789
316 0.79799280463088
317 0.7990025903366477
318 0.79692216534127
319 0.7911723890087393
320 0.7877384304990985
321 0.7860645032804805
322 0.7909479826287946
323 0.7722714893014766
324 0.7717731856451437
325 0.785179668221799
326 0.78433567935785
327 0.7724569869694683
328 0.7952956211454493
329 0.7946663774177452
330 0.7914849512958724
331 0.8125464184037855
332 0.8066440615842362
333 0.7848821148752129
334 0.8054329303220152
335 0.8088901805282566
336 0.8028551882602534
337 0.8108650917611028
338 0.7872657128472802
339 0.7990015958158543
340 0.8279250950269144
341 0.8056009162028601
342 0.8287813901767005
343 0.8156408334903165
344 0.8287129061830442
345 0.8156285126218373
346 0.806471584209029
347 0.8151081058451227
348 0.8026319364911729
349 0.8149578246054903
350 0.8110700120079625
351 0.8224199485784615
352 0.8349236280569626
353 0.832109826100476
354 0.8098136279544895
355 0.8266965777423742
356 0.8127947119554684
357 0.812056513157959
358 0.8210186189689004
359 0.8169424358932043
360 0.814505799648478
361 0.8044789613026971
362 0.8099317389135541
363 0.7949611052687655
364 0.7977375285921402
365 0.7986442157872081
366 0.8020322799738137
367 0.8107887900572126
368 0.7803396104129615
369 0.7884458038380853
370 0.7951255508125648
371 0.8007073656128192
372 0.8054613385692614
373 0.7987461305700054
374 0.8061565676357187
375 0.8082318884917635
376 0.7862938278781051
377 0.7785935337396326
378 0.7933838921070072
379 0.8091249372172338
380 0.772357516631586
381 0.7576320877105064
382 0.7495855208971574
383 0.748827435899401
384 0.7950733166038407
385 0.7956670118402948
386 0.7919537630355478
387 0.7956432449858579
388 0.7811768856919628
389 0.8027632798778629
390 0.8091170430937598
391 0.810698714731526
392 0.8065599497848068
393 0.8174356816803889
394 0.8117546761273492
395 0.8140376176927471
396 0.8211382166023226
397 0.8089094678569277
398 0.8124319765347953
399 0.8016942666857696
400 0.8343650749734333
401 0.8263738647194503
402 0.8185491936930719
403 0.8153022242300179
404 0.7930396246821416
405 0.8007062454737375
406 0.7968460078081518
407 0.7959850016967106
408 0.7886187516256484
409 0.7857353391816021
410 0.7811716774900405
411 0.774812209066425
412 0.7687723698217177
413 0.7761192061578991
414 0.7672897020041906
415 0.7630916375894119
416 0.7614276372941043
417 0.7807743091348532
418 0.8027244988140602
419 0.8079011489190124
420 0.8053656542749655
421 0.8026325049664037
422 0.8083199446335546
423 0.7733740731899342
424 0.8024666991732424
425 0.7982155839479897
426 0.798188087306937
427 0.7931215192015932
428 0.7963319106452984
429 0.7991427854759835
430 0.8066419840196741
431 0.8106152049759374
432 0.7869478129204625
433 0.7872590118653804
434 0.7818465105813416
435 0.7604548202035984
436 0.7344668059186372
437 0.7470651276136272
438 0.7757768961485519
439 0.7674605922251526
440 0.7624328371736797
441 0.7970890835553159
442 0.7856466993123838
443 0.7789975726192488
444 0.7966871182111852
445 0.7883540179010109
446 0.7863871497837063
447 0.7948000538211311
448 0.7982744320896651
449 0.789078359619776
450 0.790436063355167
451 0.7789843119987309
452 0.7921689924399653
453 0.772603497552057
454 0.7896182560138544
455 0.7943833520117204
456 0.7748066356108801
457 0.7998420817203221
458 0.8137413072798456
459 0.8054592877974708
460 0.8041812141337568
461 0.7938670158222694
462 0.7886659069897521
463 0.7856400329933231
464 0.7641353432301519
465 0.7476702872854167
466 0.7528171565554791
467 0.7416447083056243
468 0.7274202626456735
469 0.7272263130108992
470 0.7437822799783302
471 0.7395824338774255
472 0.7288486974056938
473 0.7150370657829793
474 0.698439311712531
475 0.7111793385051335
476 0.7296095357835549
477 0.7294875178493203
478 0.7243913889762551
479 0.7539305276717809
480 0.7632002101248105
481 0.7518844910114555
482 0.7542321977541723
483 0.736007623409387
484 0.7418359849059515
485 0.7578258199188441
486 0.7836720220061876
487 0.7705822822005434
488 0.7708389179473243
489 0.7886931461916001
490 0.7903816320414481
491 0.7871565913418862
492 0.7864405856134643
493 0.7883429153396688
494 0.7659422971408314
495 0.7618843467535391
496 0.7797684615148697
497 0.7552740590622218
498 0.737361164318108
499 0.7445404768913352
N: 700 densidad: 7.0
0 0.02574805410456444
301 0.8042201168866385
302 0.8021968760703911
303 0.8083230427377617
304 0.7919299867530972
305 0.8102388759628312
306 0.812680136391842
307 0.8115647190323678
308 0.8177261502736948
309 0.8196426053936117
310 0.8238326679944927
311 0.8149341181775039
312 0.825768036249733
313 0.814647186798145
314 0.8141603705476435
315 0.8076644435625749
316 0.7925597100359141
317 0.8106676289066582
318 0.8008723378967192
319 0.7690490929895935
320 0.7842957725330353
321 0.7924421543880112
322 0.7736401647366004
323 0.7690873048716566
324 0.7510733010915158
325 0.7189385929396951
326 0.7198914127115718
327 0.7562419308545885
328 0.7759532777957906
329 0.7711193160521186
330 0.7562149137761488
331 0.7719822612602433
332 0.7681707175470089
333 0.7645541786191953
334 0.7598871504864224
335 0.7556220818668316
336 0.7571169760068862
337 0.7663451118481509
338 0.7374911814092565
339 0.7592646675721001
340 0.7814944333315017
341 0.7661434258980862
342 0.7594676716186134
343 0.7594725325271311
344 0.7685502308660597
345 0.7854469123617365
346 0.7728649485077478
347 0.7540613127746132
348 0.7622141437759059
349 0.7410706435260312
350 0.7284312874909548
351 0.7282842067871046
352 0.7092935752315546
353 0.7208906051606048
354 0.7089881739827498
355 0.6816602609608059
356 0.6509077286716688
357 0.6507340290307312
358 0.6659927802057409
359 0.6472090355793249
360 0.6633411984171068
361 0.6593858688472279
362 0.6623132224221399
363 0.6850933976763154
364 0.676389111987069
365 0.6939520412044682
366 0.6763411412565207
367 0.6749709138547393
368 0.6487503210159979
369 0.6333757898367288
370 0.6569655098190669
371 0.6766007849993934
372 0.6743231498858785
373 0.6732408850687742
374 0.718451805665811
375 0.7128796716779016
376 0.7208396570258175
377 0.7354485303814818
378 0.752895424626403
379 0.7364245719610143
380 0.7502855607838838
381 0.7341524661682822
382 0.7666058971199351
383 0.7628637037878754
384 0.7660393019042661
385 0.7944139556567749
386 0.7830593562177223
387 0.7678523914212236
388 0.7864859917755117
389 0.7940240270748271
390 0.7990222576528374
391 0.7901772389344062
392 0.7867873983475988
393 0.7841678545501163
394 0.8063504102907764
395 0.8061719295231378
396 0.7894006349672712
397 0.7988598163142685
398 0.783385516203265
399 0.7852746816379191
400 0.785224950407432
401 0.7474690311306762
402 0.7562480259012185
403 0.7529024077448954
404 0.7484960146475199
405 0.7511790070165494
406 0.7728413083076947
407 0.7938609690345382
408 0.7878008563070111
409 0.7821611682924221
410 0.8011221687585381
411 0.801196431042142
412 0.8095182609483951
413 0.7945728206118909
414 0.7925473594663581
415 0.7896855026494156
416 0.7962033360840892
417 0.7793971655535162
418 0.78676605998468
419 0.8019670721873057
420 0.7973941159562943
421 0.7968715339237579
422 0.8049536981721068
423 0.790471522075483
424 0.7987384622203093
425 0.7828039138192795
426 0.767667958002938
427 0.7824665965482897
428 0.7691666842462627
429 0.7854561952749088
430 0.779445295218123
431 0.7642352871776816
432 0.7554600901944201
433 0.7399093058983224
434 0.7560781066341107
435 0.7776338417705121
436 0.7858911665482149
437 0.7725602742520363
438 0.7680136966533145
439 0.777045665439543
440 0.7832031681037231
441 0.7883891466334835
442 0.7884489641630287
443 0.7754107294785952
444 0.7597594358141597
445 0.7726492305956609
446 0.7734443457324145
447 0.7702444391706131
448 0.7778421308562772
449 0.7854232477552775
450 0.7974182711714836
451 0.8033369887673093
452 0.8071395712164431
453 0.8068772599409509
454 0.8129466974853405
455 0.8184996755426587
456 0.7901417988676288
457 0.7907498349621256
458 0.8020183286240716
459 0.8046110918553284
460 0.7835433973851463
461 0.7705866041406075
462 0.780940573557485
463 0.7655497919291443
464 0.7512801896700647
465 0.7813800342632939
466 0.7804678764934462
467 0.7681643718387109
468 0.7589185678497299
469 0.7568389065092987
470 0.761718596267992
471 0.7676138024609214
472 0.7501982383753815
473 0.7486364908904903
474 0.7447436410377231
475 0.7590867754535716
476 0.7566107747998996
477 0.7589937704484003
478 0.7632139084597686
479 0.7563834937201813
480 0.7641732862434472
481 0.7587575227943795
482 0.772070216661749
483 0.7579927247540994
484 0.7666610471001876
485 0.7718315243231787
486 0.780855123149818
487 0.7952119073529771
488 0.8055114951871238
489 0.783073866596842
490 0.7703668124167549
491 0.8061518395472314
492 0.8134051361826456
493 0.8042880992536774
494 0.8061521756219724
495 0.822107471424264
496 0.8095609156253022
497 0.8120026826341606
498 0.7881434987697696
499 0.7897023613322863
N: 800 densidad: 8.0
0 0.028851595968097724
301 0.8299730393335206
302 0.8293638412405276
303 0.8230581993474511
304 0.8128821247478005
305 0.8186414338616538
306 0.7899290323027972
307 0.8087387932667215
308 0.8066393416668126
309 0.8165807135926827
310 0.8138608403853285
311 0.8138976873880391
312 0.8200780410202905
313 0.7951467376084937
314 0.8024039558368151
315 0.809880002151871
316 0.7960520265262262
317 0.8151707936122331
318 0.8192108546378232
319 0.8136901990413355
320 0.8019206722141
321 0.7935635305371025
322 0.8069783876969406
323 0.8116759435819509
324 0.8133470163387639
325 0.8135148420054074
326 0.8076286293238195
327 0.8144875602760844
328 0.8193838633055757
329 0.8266594315882899
330 0.8138429979616052
331 0.8248810836410879
332 0.8293006671328996
333 0.8244545384633174
334 0.8109125003606416
335 0.801701552079151
336 0.8063723837274632
337 0.8144416835178969
338 0.8134117949365374
339 0.795807908027032
340 0.7844759368720055
341 0.7752675858135896
342 0.7897858115967406
343 0.7860299413924349
344 0.7762037632923686
345 0.7934004441219509
346 0.7988925201783329
347 0.7946712509867883
348 0.8001891234105193
349 0.7920748913145661
350 0.7904287447065367
351 0.8044040658446376
352 0.8005051776150216
353 0.7920977801626439
354 0.8038179927766532
355 0.7866941318793401
356 0.8008068102672135
357 0.7741157505313471
358 0.7740325507712248
359 0.7569268626599381
360 0.7760466273759491
361 0.778740720055652
362 0.8039909223701484
363 0.7870261388695302
364 0.8021826404720844
365 0.7987444386725474
366 0.7926321823460332
367 0.7990266593909371
368 0.7993047018197754
369 0.7912659220267324
370 0.8092745947570243
371 0.7991656123433315
372 0.8049124939649852
373 0.8016281055698561
374 0.7999091378452228
375 0.7772828094801589
376 0.7760322999844128
377 0.7991690221379154
378 0.7916941169081934
379 0.8023397760179939
380 0.8106974769327245
381 0.79274183108136
382 0.7828085090141276
383 0.7907433866575988
384 0.801813891457456
385 0.8057924834230753
386 0.8015776784350561
387 0.7984817802058813
388 0.8090124910936997
389 0.7952538726809376
390 0.7961079166729425
391 0.804506100198675
392 0.7940359517447636
393 0.7626875576086202
394 0.7702074134922626
395 0.7997763050259107
396 0.8221069116985182
397 0.8306248185803448
398 0.8308286002585943
399 0.8304081755900943
400 0.8263023223056898
401 0.8081895817667798
402 0.8067740725331484
403 0.8134394621626136
404 0.8249164658451976
405 0.8034232109204841
406 0.801950127077034
407 0.8036084417701145
408 0.8094521114487216
409 0.8095838212187592
410 0.7926847184547484
411 0.7845444980418094
412 0.8005721762174883
413 0.811252114219688
414 0.8116955760633763
415 0.8013382952389146
416 0.8104409108142212
417 0.8024254065758196
418 0.7923453866664162
419 0.7984410820871674
420 0.7976288483734354
421 0.8048435932391405
422 0.7912439321938204
423 0.8148194974317909
424 0.7979719208581931
425 0.786189887865501
426 0.7889682014498655
427 0.7997205678238387
428 0.80858591885394
429 0.8087830461271232
430 0.8155547706222738
431 0.8214640816299288
432 0.7989757406245377
433 0.8083769648394474
434 0.8073482848433905
435 0.7856244810415264
436 0.820061463238371
437 0.8165279244547872
438 0.8056456878002426
439 0.804491638673294
440 0.8089859770429485
441 0.8104058913225699
442 0.8210933363834966
443 0.7957091138614433
444 0.7853274249469839
445 0.7878692392269283
446 0.8019510430712717
447 0.8205564017496147
448 0.8131946384611012
449 0.8232227551159469
450 0.8115270435435424
451 0.808013657036169
452 0.818769356901823
453 0.8114266326025615
454 0.8249893207954692
455 0.8266282046017355
456 0.835347838368294
457 0.8348264154871257
458 0.834211302467101
459 0.8185607781884566
460 0.8234296843804678
461 0.8091895827879293
462 0.8127327029175633
463 0.8204663288236117
464 0.8255391745281324
465 0.8303507109164213
466 0.823825801023324
467 0.8151871587559681
468 0.8229306176205485
469 0.8161676330263344
470 0.8285169559096558
471 0.8271478361147282
472 0.8287171392793637
473 0.8290977151874924
474 0.8244366708432788
475 0.8098332606751124
476 0.8067246669329288
477 0.820425015196967
478 0.8169976049348037
479 0.8144309549446037
480 0.8262774075364204
481 0.8206186302304584
482 0.8222278046431194
483 0.8290982064744341
484 0.8208226863551594
485 0.8273842965652444
486 0.8292921078555023
487 0.8131635094619695
488 0.805400468397595
489 0.7889544373098777
490 0.7906970366047051
491 0.7936650403138764
492 0.7939814259640078
493 0.7998684605478181
494 0.8028631157552097
495 0.792845748699436
496 0.7905229032948885
497 0.7987861910818833
498 0.8002310678601311
499 0.7961682662326653
N: 900 densidad: 9.0
0 0.04176829786715169
301 0.8015634114525203
302 0.8091718292675721
303 0.8255588110178543
304 0.824896945151312
305 0.8176743683128019
306 0.8208981665490692
307 0.804361441604238
308 0.7982097398364019
309 0.7776706203772128
310 0.7942087415710071
311 0.8099953763504474
312 0.8088967857883169
313 0.8268016475027102
314 0.7996199167737515
315 0.8115333444954743
316 0.8092195664673051
317 0.805579045856247
318 0.8005812549190042
319 0.8167445046305394
320 0.8211972436057932
321 0.7963612415772623
322 0.7916058060518247
323 0.7951424746626075
324 0.7864031659748049
325 0.7973533780735994
326 0.7669626737478118
327 0.7727396493399672
328 0.7746657802073335
329 0.7926349264455211
330 0.7997016392959401
331 0.8019779431897904
332 0.7958822932014752
333 0.7988502446122415
334 0.8138234107928883
335 0.8130926276136651
336 0.8171299493736767
337 0.8196739309741723
338 0.809960417636794
339 0.8137716487595174
340 0.8003638722152068
341 0.8153895765484691
342 0.8293920789047776
343 0.8211683028832509
344 0.8304195584341607
345 0.8247560593126784
346 0.8275808504030143
347 0.8304691666301527
348 0.8225831335971067
349 0.825368720162391
350 0.8349351764106854
351 0.8223698954380851
352 0.8141206370008497
353 0.8091165369158082
354 0.8150205221418845
355 0.81514390326331
356 0.8212398817414216
357 0.8228985604706914
358 0.8197052744792552
359 0.8342641223224011
360 0.8401061542449861
361 0.8306367218500069
362 0.8317021977457258
363 0.815753350989454
364 0.8151545065640554
365 0.8246097493570141
366 0.820454834895734
367 0.8106900807353213
368 0.82192359784287
369 0.8123057636855313
370 0.824717319457571
371 0.8210634734573821
372 0.8307586907116762
373 0.8294748911333967
374 0.8103573147692079
375 0.8114407882985687
376 0.8110647335644672
377 0.8034765777584121
378 0.7923012030705027
379 0.7725842250746661
380 0.7793699051245937
381 0.8156438780450016
382 0.8138044496117236
383 0.7946700628158827
384 0.7744802664051512
385 0.7695940424766616
386 0.7860893380092965
387 0.7908760181487401
388 0.803212134995385
389 0.7942232724470277
390 0.8051562835172229
391 0.8057097759761921
392 0.8142918586034615
393 0.8159520197623907
394 0.8018947983970518
395 0.8065189622689134
396 0.8163892621723671
397 0.8069212444789714
398 0.7939949587982373
399 0.8045713578097918
400 0.8085017760001035
401 0.8094510263389404
402 0.8188073298987085
403 0.8260151935558085
404 0.8360023693862154
405 0.8185800092726323
406 0.8330737031937415
407 0.8146352367675415
408 0.8161337955917111
409 0.8101567720232266
410 0.8157100973085735
411 0.819499572190491
412 0.8179369947760909
413 0.8030680808625442
414 0.811227997732101
415 0.8129816023544713
416 0.8122566765265772
417 0.8057899861603113
418 0.8095209347246345
419 0.8008594157895961
420 0.8027124239978607
421 0.7962147653831936
422 0.7902794271155602
423 0.8017704987138407
424 0.8104241124629371
425 0.8174434163876368
426 0.8200832936362595
427 0.8046657579724675
428 0.8121734548017323
429 0.8336993154297434
430 0.8362714104398877
431 0.8347750228580737
432 0.830847878144664
433 0.8245179594291813
434 0.8131729612389255
435 0.8157892592914867
436 0.8182612327709317
437 0.8160791135875035
438 0.8249867866770012
439 0.8210375171863914
440 0.8102266232410739
441 0.8001734985653011
442 0.7981459881523699
443 0.7834077756513649
444 0.7777214563446854
445 0.7829289061094663
446 0.7904004848405762
447 0.784275491546977
448 0.7951080835664034
449 0.8062745728892151
450 0.8074009435954724
451 0.8151568171476358
452 0.7909445203553337
453 0.8177529414114258
454 0.811192803286167
455 0.82334981367012
456 0.815811108495659
457 0.7985960608883353
458 0.7892214813590052
459 0.7877200892355274
460 0.7895621944569113
461 0.7771998521611345
462 0.7655051821761985
463 0.7662865403478385
464 0.7674753930588492
465 0.7474140256049997
466 0.7463086109142203
467 0.7644997171971438
468 0.7753089896113962
469 0.7739278223754605
470 0.7950033189622884
471 0.807500492066035
472 0.8257829572331514
473 0.8266418557689449
474 0.8308889760983933
475 0.8277844603008659
476 0.8196453228364521
477 0.818158775207253
478 0.8128603442883544
479 0.8021178231149505
480 0.796585869648314
481 0.7961967183817573
482 0.8109493205745107
483 0.804438297600656
484 0.8188728719937174
485 0.8151157341847091
486 0.8114455445247566
487 0.7993731560796759
488 0.8236258399933267
489 0.8204929415809524
490 0.8207359616682
491 0.8022725428445755
492 0.8197882225780325
493 0.8271410903331339
494 0.8186478220461505
495 0.8164459977434378
496 0.8128885924155675
497 0.8103451794230858
498 0.793103989436442
499 0.7915955934588987
N: 1000 densidad: 10.0
0 0.06262213264311273
301 0.8349252757034856
302 0.8329297031693308
303 0.8271388857051031
304 0.8191390755074504
305 0.8176126122906244
306 0.8092893458504553
307 0.8025937865159468
308 0.8113481315984484
309 0.8127274257809749
310 0.8119915584574963
311 0.8052459873147236
312 0.8142064231227213
313 0.8133979012018442
314 0.801597195145916
315 0.8232203384557087
316 0.8226760539394241
317 0.8043800174122121
318 0.8078674016590792
319 0.8139090397956991
320 0.81983207399802
321 0.8191334440061014
322 0.8244996318054896
323 0.8173197862978069
324 0.825029495163603
325 0.8153191296911007
326 0.8149569218757139
327 0.8031841630834006
328 0.8106241911147463
329 0.8054648574123079
330 0.8061333732484071
331 0.8213890468790435
332 0.82007791995646
333 0.8234420605412643
334 0.7908087136654304
335 0.7969645039684868
336 0.7864852354827127
337 0.805735777707571
338 0.786574705011456
339 0.7894268786138453
340 0.8058915153562799
341 0.82043488782248
342 0.8085509953365844
343 0.804324452624982
344 0.8147955944545892
345 0.815455617910454
346 0.8022510260807963
347 0.8172702856465908
348 0.8072401511493935
349 0.8283771782879323
350 0.815943124250597
351 0.8151323643599618
352 0.8153516888436217
353 0.8258188927565814
354 0.8258354606928295
355 0.8264512418012977
356 0.8145955059528888
357 0.814237700330413
358 0.8258036596157098
359 0.8253084056897136
360 0.8222649513231433
361 0.8236982716963399
362 0.8207756703060589
363 0.8185188503357437
364 0.8292092266729099
365 0.8228155583272473
366 0.8290385314654707
367 0.8366513692127733
368 0.8212303256559774
369 0.821756117999819
370 0.8145505689873239
371 0.8275063285737437
372 0.8205042835826631
373 0.8061131684926969
374 0.8148551840510123
375 0.8209415213010869
376 0.8242132740285935
377 0.8312533994219742
378 0.8258575330258348
379 0.830958634510112
380 0.827385298255274
381 0.8241769734860417
382 0.8249837818334684
383 0.8316070918376491
384 0.8229820781405179
385 0.8296053201737271
386 0.8294479551891203
387 0.8312022889689886
388 0.8349028325179355
389 0.83177315784584
390 0.828345284905057
391 0.8257526042984419
392 0.8297646071181528
393 0.8287088687357873
394 0.8242153646589998
395 0.83487135429899
396 0.8189228514046405
397 0.8255967104400366
398 0.8243687760898197
399 0.8200369784295078
400 0.8069293205692176
401 0.814514056463447
402 0.8110113033199754
403 0.8180758866760561
404 0.8224830037260221
405 0.8261309602609721
406 0.8204322628589148
407 0.8112670881933287
408 0.8093755656325675
409 0.8263530257698971
410 0.8225044908165071
411 0.8300874031890585
412 0.817546923740419
413 0.8115800734732094
414 0.8129703369713238
415 0.8000207886908067
416 0.8114260955354015
417 0.7940734501240383
418 0.7953433737823394
419 0.797444634540055
420 0.7732926165743392
421 0.7833628382840554
422 0.7830466816514261
423 0.8035559216747215
424 0.8088084736057791
425 0.8173395830345133
426 0.8182155728938139
427 0.8180939588601481
428 0.8241428474971477
429 0.8216817884084275
430 0.8135628745463204
431 0.8189014096582342
432 0.81339768472641
433 0.8030921417045426
434 0.8136538720353877
435 0.8082317691277802
436 0.8151917403962757
437 0.8100323125193555
438 0.7946730421529745
439 0.8054771336997394
440 0.8072365051003281
441 0.794065063191938
442 0.793061743698149
443 0.7925886455067972
444 0.7777662959936951
445 0.7744448020962065
446 0.7780963544939806
447 0.7812218613460878
448 0.79218415349511
449 0.8052137645559087
450 0.7980888531774621
451 0.814918113794253
452 0.817027294140542
453 0.8143788918404183
454 0.81006406764426
455 0.7974678813072451
456 0.8046274904704315
457 0.8146604021989349
458 0.8041093981162588
459 0.8080454899434488
460 0.7983939202685196
461 0.8169123212534395
462 0.822942751653016
463 0.8085636991832407
464 0.797532919039827
465 0.8175283277497413
466 0.824833599995633
467 0.8238148153172774
468 0.8302243603270091
469 0.8336003898564625
470 0.8312567458224354
471 0.8188026883589309
472 0.8116039364449577
473 0.8055209838196683
474 0.8117634754276338
475 0.8123525773439737
476 0.8129595838435909
477 0.8207083710826818
478 0.7900911523011211
479 0.8006996446357973
480 0.8034778034997118
481 0.8036906199161155
482 0.8101106644053594
483 0.8023086505656971
484 0.8038225649861754
485 0.7823411665820948
486 0.7805663410871452
487 0.7790555789304505
488 0.7868636305485749
489 0.796452897392157
490 0.8044174802527801
491 0.8226644678192403
492 0.8172111352592438
493 0.8133167812174235
494 0.7903651151877221
495 0.7983913094590318
496 0.8046448906224897
497 0.8147211463140008
498 0.817081110948679
499 0.8104926004056535
