N: 100 densidad: 1.0
0 0.16699910310987431
301 0.44840400413748077
302 0.41827681062514593
303 0.38427984524908193
304 0.49881601721299473
305 0.464724885600552
306 0.3982541090035691
307 0.42586913236399776
308 0.3351842210148919
309 0.27052615578218225
310 0.19772854920347102
311 0.07990710967864226
312 0.06548634045908422
313 0.05734310640399584
314 0.05307943942472848
315 0.13968490932664504
316 0.153453742127576
317 0.1971307699422995
318 0.22417392134670255
319 0.29346290218156146
320 0.3254791136210014
321 0.2732296213020687
322 0.31348858318372963
323 0.2942483219691609
324 0.39155624542802264
325 0.3364615384364405
326 0.3279552733533079
327 0.3582496281071568
328 0.45951303856379183
329 0.47671230543504267
330 0.5005679676104993
331 0.4694918872476481
332 0.47418023951016947
333 0.49540760785261656
334 0.5272053432463482
335 0.4731546746767146
336 0.4210489285752055
337 0.4627545233684193
338 0.40434547761377515
339 0.4186206750197121
340 0.47470631942488484
341 0.3898224309195186
342 0.39644249525748404
343 0.33975310767874006
344 0.35579817596206104
345 0.4600549482005049
346 0.5412334894368505
347 0.5469327958394424
348 0.5828293871151838
349 0.5068302119559515
350 0.5346199272509656
351 0.4588157664841006
352 0.4918360759901504
353 0.5155590291269033
354 0.5126669497350621
355 0.6234996345997278
356 0.6567852356405514
357 0.6005931644818151
358 0.5783813421703156
359 0.5633119521142197
360 0.6295213794358965
361 0.6405778969866808
362 0.6565629335354449
363 0.5694194476331932
364 0.5440831382329304
365 0.6257382697249259
366 0.6170188103888964
367 0.5584842060167723
368 0.6361261116302533
369 0.6555061642630963
370 0.5949490960467474
371 0.6438786993424911
372 0.6406996763581779
373 0.7204507922995956
374 0.7078878544432515
375 0.6937659900624746
376 0.6155754223829105
377 0.5448116165111445
378 0.4999416820193621
379 0.5194144038864025
380 0.4353380769541222
381 0.4798769928481807
382 0.6091789065294516
383 0.5949398358233774
384 0.5841781754239931
385 0.6291739077972235
386 0.6474638912822045
387 0.6636282558465548
388 0.6816447380025338
389 0.6334645727477498
390 0.6351365945635175
391 0.6706708391775721
392 0.6896486883879155
393 0.6350985712066449
394 0.6243453087565659
395 0.6073217276076929
396 0.6443021258990089
397 0.598191673865132
398 0.5855430762089665
399 0.580957743260838
400 0.641787163848039
401 0.669252388506279
402 0.6815114619472548
403 0.6800595613878696
404 0.6326846982312037
405 0.5277853005171541
406 0.5369851283646919
407 0.5108161309569822
408 0.49131948744062587
409 0.5224369591570567
410 0.5726551164547115
411 0.5650099805019927
412 0.4381090768889404
413 0.41292433057182576
414 0.45879767594609006
415 0.49977340313398827
416 0.5160211566969726
417 0.5037842044514932
418 0.46590394685687797
419 0.5022964150256968
420 0.5018981022774998
421 0.3746491062858132
422 0.3503020308520152
423 0.42850054384372593
424 0.38347913346193546
425 0.390370016788605
426 0.41356498487510435
427 0.31948522102653804
428 0.33709946532960555
429 0.3343657995392031
430 0.37823497897830455
431 0.30469087461081
432 0.32785049407800776
433 0.1604678832109872
434 0.15202659358155807
435 0.10428363162355055
436 0.13523663921629894
437 0.16024332754114712
438 0.09852280118384121
439 0.07740848440974575
440 0.08298397192216865
441 0.0982241684946405
442 0.13171761141140845
443 0.12268780705780818
444 0.13366623307041292
445 0.09043687109047462
446 0.10822246960564834
447 0.2341043908300278
448 0.3360875846422915
449 0.4455509305312715
450 0.4840631989539253
451 0.49394304356299656
452 0.4273180065754813
453 0.5089469538342288
454 0.5566367560643161
455 0.5058766938441538
456 0.4778436460225497
457 0.43438720759487226
458 0.5402093695268295
459 0.5869752257968578
460 0.6528373519669919
461 0.6333101141098313
462 0.6745144885714224
463 0.6104642215207591
464 0.6785133583940218
465 0.6817858855672004
466 0.6895132101754858
467 0.6535976268215331
468 0.6269126715048142
469 0.5960856589571799
470 0.5788370119701517
471 0.6025959377368648
472 0.5371398307763311
473 0.47983472066433525
474 0.45593566464155294
475 0.47531990391951795
476 0.49679885099466636
477 0.5361180126836195
478 0.5294356412704351
479 0.5360095255259636
480 0.5323340845785317
481 0.5899991312992158
482 0.5025247538084564
483 0.5440141779170294
484 0.5267491864770143
485 0.5861921928568884
486 0.5795616790725581
487 0.609407851204899
488 0.6063035371999932
489 0.6107174182473445
490 0.6855205519708812
491 0.6514937684274809
492 0.6531582353439714
493 0.6219438210772296
494 0.5859880240002502
495 0.634723742052944
496 0.6892028138653471
497 0.6304981190262654
498 0.6988148971854189
499 0.6273610181135706
N: 200 densidad: 2.0
0 0.06489356495352998
301 0.5383278373363728
302 0.5623028733741092
303 0.6233120727774824
304 0.6304053892872264
305 0.6510940979815573
306 0.6070505576467585
307 0.6294888036205438
308 0.627411219398011
309 0.6418096808754924
310 0.6176875402845196
311 0.639508040694277
312 0.623801880289096
313 0.5982490138155201
314 0.5877809149027219
315 0.5297479474526684
316 0.5817285889176036
317 0.554585994432855
318 0.6085557330151604
319 0.6334078370385374
320 0.6354172540719509
321 0.6392447968423559
322 0.6281103430209022
323 0.6238987376454136
324 0.5645868238417587
325 0.5463821840241633
326 0.5610401261576989
327 0.5729252335048537
328 0.5895549842600252
329 0.5459062292786397
330 0.5486460583681786
331 0.5582948716614845
332 0.5550622995236959
333 0.5188484704003302
334 0.517529067874445
335 0.4920338275069329
336 0.5159726749770509
337 0.46877455553517366
338 0.426557029305532
339 0.41101602649582847
340 0.4558193267300623
341 0.42965842530829773
342 0.4436761013661408
343 0.4376402517420228
344 0.40080338016505784
345 0.3966435646435879
346 0.346855254314186
347 0.3289172436477374
348 0.29359797540664184
349 0.2567309607129193
350 0.36445042022537977
351 0.39238054225962254
352 0.4093700962248574
353 0.3877981217162039
354 0.35341467353636635
355 0.3291397530525972
356 0.32348436417299525
357 0.3250547144235744
358 0.3271749987998665
359 0.31376099548598735
360 0.34577727053859314
361 0.2531332886286995
362 0.26962821901013356
363 0.25588588707981835
364 0.3328938015583543
365 0.40534535574004393
366 0.44129383576014986
367 0.3765268366787404
368 0.38117681128757935
369 0.39927413568611225
370 0.4238961813620396
371 0.3909171447177226
372 0.43726707614693505
373 0.5382591167267474
374 0.5163984288016167
375 0.4932362553163532
376 0.353805020246403
377 0.3563521720460508
378 0.30874834579774374
379 0.2609743970457047
380 0.259338189544318
381 0.22593397430937648
382 0.18557324697095287
383 0.24309728928161756
384 0.3129965861145292
385 0.20257891976997586
386 0.1535042874403393
387 0.18809507252966118
388 0.2389826113580126
389 0.20835313388382717
390 0.2654465082567622
391 0.2730594123532584
392 0.30909175991187043
393 0.3467281214025037
394 0.37408232319256135
395 0.36747354368589075
396 0.3530803707181385
397 0.39786057162919924
398 0.34611954360153335
399 0.3356164400806983
400 0.27607354361968545
401 0.26266232083117375
402 0.25195162232695056
403 0.19212913358242545
404 0.1287183935774769
405 0.10259248817325207
406 0.12875383594160728
407 0.15522611994625782
408 0.1501851780189189
409 0.18030079620093542
410 0.20756184789741883
411 0.19957022906412203
412 0.1923379147345259
413 0.18871488834379802
414 0.1332376840605981
415 0.17431403135225787
416 0.16929013657829917
417 0.20069234324474008
418 0.2555577214296005
419 0.3185750804183097
420 0.3123745950301576
421 0.3746443266227805
422 0.3973533876909054
423 0.410185505201146
424 0.3671886740864827
425 0.46142761600123366
426 0.4668983463430476
427 0.4615047628260987
428 0.4421774679524082
429 0.5021719639331569
430 0.462962394605906
431 0.4162290168422322
432 0.3864108251676073
433 0.3974137223100635
434 0.4707515772451403
435 0.5279859853009436
436 0.5558884261823277
437 0.6026587941864084
438 0.636468068913086
439 0.6433173302386986
440 0.5838589039205188
441 0.604867925236436
442 0.6290201408856627
443 0.6214385939433708
444 0.576555228914886
445 0.6057468349315019
446 0.6243561802814807
447 0.6118896852090842
448 0.5565321616016358
449 0.54546110995954
450 0.5909948694454572
451 0.5877925220518115
452 0.5977179845329534
453 0.597408106758177
454 0.6243996906223581
455 0.6288096599402665
456 0.6491217556010658
457 0.6554907242497746
458 0.6723844067697916
459 0.6385544601984844
460 0.6633422806033115
461 0.6610662149300818
462 0.738521274334755
463 0.7496146395704987
464 0.7821410929105034
465 0.7644387805835567
466 0.8209328812253774
467 0.7716297827865839
468 0.7480724733044021
469 0.7199669748108862
470 0.7386983312860026
471 0.7058505242248265
472 0.6465120057315225
473 0.6710278817299985
474 0.6611749947650252
475 0.6292436234297399
476 0.6255368941628366
477 0.6210062445668034
478 0.6240598147376266
479 0.6175948600920298
480 0.6243953137237327
481 0.6038212467975769
482 0.5824498865824571
483 0.5309011770087636
484 0.5822849921871286
485 0.5035108868876117
486 0.4922317830668126
487 0.5152718177544467
488 0.4710317630892187
489 0.5048199000960899
490 0.533963233815826
491 0.5406758576893989
492 0.5109057728410934
493 0.49579726926780743
494 0.49192437090746766
495 0.4435258334099961
496 0.3546133522608539
497 0.39634124286907485
498 0.48871908978926176
499 0.4585088096840501
N: 300 densidad: 3.0
0 0.07818110612411384
301 0.6258325271155423
302 0.6309566621872845
303 0.6614233254900659
304 0.7036648610474959
305 0.6960429031144305
306 0.7333849236372646
307 0.7477255784087701
308 0.7596249304707904
309 0.7748962707642947
310 0.7522316168546445
311 0.7571137745966336
312 0.7575819294992824
313 0.7089861499574477
314 0.7125583814599623
315 0.7161114835965112
316 0.7615506191061717
317 0.7721453905879722
318 0.8016196947146774
319 0.8028098603058473
320 0.7831667207212317
321 0.8046686811499684
322 0.765847773285029
323 0.7769227195736341
324 0.7826946780906417
325 0.756096521807575
326 0.7256233732475559
327 0.7272732440330014
328 0.7166127214053919
329 0.7348707701391124
330 0.7368058069381923
331 0.714299009364004
332 0.7254601402897997
333 0.7912304217272599
334 0.7726418296905222
335 0.7498900246805661
336 0.7345385777218381
337 0.7048975016689663
338 0.7139741162499876
339 0.708084766164466
340 0.685469293759025
341 0.6962401418437086
342 0.7273857304650622
343 0.7079884597728673
344 0.6983576047429869
345 0.7088292750329439
346 0.6766726110156794
347 0.7025861342077842
348 0.6870575276143538
349 0.7207815104219982
350 0.7440933124096072
351 0.7250014058213913
352 0.7273750293873174
353 0.7617386839066079
354 0.7263569864859559
355 0.7001426030569391
356 0.6750273475912727
357 0.6839982580924648
358 0.7015242302527294
359 0.740241625524491
360 0.7357605461209149
361 0.7217880489888724
362 0.7055551876226732
363 0.7462470069595702
364 0.7437054560317705
365 0.7183941802405597
366 0.7087107804462156
367 0.6938914036313985
368 0.7095575394474835
369 0.6855392338125009
370 0.6578052438170024
371 0.6733203216400893
372 0.638881596988564
373 0.6347658919366889
374 0.6333502365977153
375 0.688376611821658
376 0.6691060134572743
377 0.7166206453580055
378 0.7030723568400669
379 0.6654591053937664
380 0.6799877878947009
381 0.7054997062010341
382 0.7280973227392402
383 0.7470757282422856
384 0.7411723451907376
385 0.7305298346961095
386 0.7500807290343023
387 0.7556095070006648
388 0.7415298561279171
389 0.7407715895945062
390 0.7335813458118637
391 0.7095566526062587
392 0.7665439586926084
393 0.7349295834468372
394 0.6658091023661502
395 0.6609116698062709
396 0.6825120845899364
397 0.6937728342551657
398 0.6762362722373233
399 0.6189975017646061
400 0.6476643641314156
401 0.6336232773401322
402 0.612962302560568
403 0.5859591349449662
404 0.6030086869621542
405 0.6783740876993334
406 0.6741131971620568
407 0.6131130355774382
408 0.5919815258779891
409 0.625096202048575
410 0.6627828425762193
411 0.6803407116924483
412 0.6986562809125881
413 0.7247732577565713
414 0.7565274181316108
415 0.7446590114811154
416 0.725006088936411
417 0.7201634801253763
418 0.69645044774253
419 0.6944209474280245
420 0.6858976241187889
421 0.6980861176466052
422 0.6702913109911651
423 0.6263660659237487
424 0.6442413941149747
425 0.624872298463981
426 0.5849394940235271
427 0.6056863895582977
428 0.6667516355892803
429 0.6886109628269473
430 0.6263935069612252
431 0.6401746605868038
432 0.6389848101397129
433 0.6830653874505331
434 0.7070502228666395
435 0.70494472545123
436 0.6586038095396929
437 0.6290976526854256
438 0.6339280169086823
439 0.6301723674954581
440 0.6390441587161402
441 0.6785167042715309
442 0.6747795135666631
443 0.6642339046923863
444 0.7007206228983102
445 0.7122235027798092
446 0.7189187995912315
447 0.7384263522476872
448 0.7225780362236078
449 0.7127383410520083
450 0.7332085418051048
451 0.7552919024828073
452 0.7411004155246719
453 0.7398726688019015
454 0.6648644635860872
455 0.6532060877295268
456 0.665198488489695
457 0.6322050324535803
458 0.6010931837450222
459 0.6784821922998172
460 0.6344715261077362
461 0.5956973451251119
462 0.5594284267352543
463 0.6226554026933231
464 0.6127172225052173
465 0.6196562032047928
466 0.5736843059728209
467 0.5629330960677948
468 0.6296297216881896
469 0.5741954969089554
470 0.5436430814576574
471 0.5753661605641444
472 0.5551778656448753
473 0.6205109837671576
474 0.6601270920024668
475 0.6609118238996127
476 0.6891777759987046
477 0.6794636892224615
478 0.6720802795404794
479 0.689609905874303
480 0.704640549208921
481 0.6619072841714504
482 0.7043638225550459
483 0.6992663874956194
484 0.7003691109130449
485 0.7256621657414466
486 0.7426087189603894
487 0.6999874661012293
488 0.723172533518324
489 0.6868906572031196
490 0.7096002996616262
491 0.7083029068667027
492 0.688963073456912
493 0.7049360950149064
494 0.7223703593414186
495 0.731678053283582
496 0.7637095029776001
497 0.7327523375863474
498 0.704898049802102
499 0.6439901968231658
N: 400 densidad: 4.0
0 0.025551250850839494
301 0.7664389431313139
302 0.770551758701335
303 0.7935786346326544
304 0.789094170315454
305 0.7797793806620209
306 0.7456439510958592
307 0.7644528380010533
308 0.7673103123814761
309 0.7750165011283294
310 0.8083192349817541
311 0.8090300667082498
312 0.8036373226505735
313 0.8124059163058702
314 0.81127783638088
315 0.7936236122269379
316 0.8015153127105675
317 0.7862939327985098
318 0.7880224692353667
319 0.7816725203191099
320 0.7636097806872394
321 0.7661313732161239
322 0.7683481840752225
323 0.7722215548302658
324 0.7811112186269646
325 0.7256184908283533
326 0.7158960508088777
327 0.69569169232597
328 0.722712958878268
329 0.6989919440208506
330 0.7202837981410259
331 0.7333043199291193
332 0.7351545094111249
333 0.7707195129538874
334 0.770478765140801
335 0.7588785195769149
336 0.7747009861492385
337 0.7161320424629514
338 0.7251051619762104
339 0.732072946872714
340 0.7101743896019953
341 0.7482785296825206
342 0.745338572864748
343 0.7308924306856737
344 0.7664469242793199
345 0.7828116026550528
346 0.7844395566953172
347 0.775703759818703
348 0.7638433264960941
349 0.7778009079389251
350 0.7798765897603115
351 0.7745500388733109
352 0.783951323805764
353 0.7809030004605377
354 0.7722611179917479
355 0.7631321817306609
356 0.7517283484775357
357 0.751277834946813
358 0.7825399089346794
359 0.734595847557839
360 0.7466312412467818
361 0.7523114091428774
362 0.7586247920827166
363 0.7603701203284925
364 0.7309483041084818
365 0.7331429536064409
366 0.7429439205410612
367 0.7955121332045159
368 0.8039608671516748
369 0.78554641523696
370 0.7810782006364551
371 0.7367131455642767
372 0.7728800263732962
373 0.7301995260175748
374 0.7235377752667057
375 0.7478754764093085
376 0.7566420329576594
377 0.7555446956295621
378 0.7323460220800665
379 0.721497448920041
380 0.69291874127099
381 0.7025587547724665
382 0.719315200225255
383 0.7266284298982241
384 0.7606464940146683
385 0.7555180779015832
386 0.747710661015286
387 0.7610458928661653
388 0.7374269249469769
389 0.743620652882107
390 0.7774250587898281
391 0.765631046686401
392 0.7570136518802766
393 0.7736216654367444
394 0.7655715817649144
395 0.7403439823634055
396 0.7610567919294896
397 0.7370902155713424
398 0.7434113179122009
399 0.7390045673124631
400 0.7251407265371684
401 0.7284755310109247
402 0.7212407615314914
403 0.695651853335371
404 0.721634452912559
405 0.7023687433800103
406 0.71999905931216
407 0.7147695000446062
408 0.6702756194329296
409 0.671073790718942
410 0.6924367687358034
411 0.7153218869313029
412 0.6997831739246371
413 0.7102089401562842
414 0.6609863848728476
415 0.6389418780369462
416 0.6184218857675794
417 0.625417592010115
418 0.572140318803672
419 0.6224625526890241
420 0.5775491570088587
421 0.6035799617585605
422 0.6041426802974711
423 0.6271998634286174
424 0.6516728519819651
425 0.6629485092000794
426 0.6001288106644325
427 0.575725346586978
428 0.5813542429982669
429 0.5813707887357018
430 0.5709656050143666
431 0.5792662867860997
432 0.5869577906993493
433 0.6069118741173936
434 0.644571935742764
435 0.6329811945469365
436 0.6037438845048251
437 0.6230050129851642
438 0.6121593883707236
439 0.6205843715562668
440 0.5956384025331538
441 0.6445572159637255
442 0.6221321920990923
443 0.5784156528459933
444 0.5616498825016727
445 0.5634201322340069
446 0.5749056677589278
447 0.5338276474729056
448 0.5701055281983994
449 0.524869032533288
450 0.5794620925199828
451 0.5858448106551705
452 0.539240577375466
453 0.518486385133704
454 0.5126142863207436
455 0.5356433862625115
456 0.5495414551557475
457 0.5087040894953812
458 0.4261287370746642
459 0.3764570641177631
460 0.4230786851048535
461 0.3908891353389827
462 0.3610117628803438
463 0.3442244252290108
464 0.35128430384208786
465 0.3486491683805917
466 0.3657279999629765
467 0.40424264817186256
468 0.43019227463628634
469 0.4074241415907955
470 0.4531991223383914
471 0.4624072267721597
472 0.4582496289301445
473 0.48950273711102493
474 0.4555358801137907
475 0.4069539959948505
476 0.4440611816896615
477 0.4193411773611995
478 0.4619647026769882
479 0.4415323028288092
480 0.46585885318638326
481 0.5076704764474569
482 0.5703948541936394
483 0.5856845871566515
484 0.5611723739727529
485 0.5832296213197613
486 0.6428283127543712
487 0.603850400469298
488 0.6177643134456198
489 0.612380521625448
490 0.6289205224179896
491 0.6078272028234412
492 0.6469217469341801
493 0.6795825313145705
494 0.7076873417505153
495 0.7434284516649416
496 0.740272503567498
497 0.7572568314903819
498 0.7703106274011055
499 0.7604281741869552
N: 500 densidad: 5.0
0 0.06801581333823352
301 0.7756067043217489
302 0.767701934849771
303 0.7726158777443213
304 0.7713278883795858
305 0.7578236468938189
306 0.7595320045748736
307 0.766901761132045
308 0.7832772813210388
309 0.7986139010195064
310 0.7845071123628162
311 0.7738058500846313
312 0.7611578594179966
313 0.754107119670769
314 0.7623734503132418
315 0.7775555114064703
316 0.7616629578930129
317 0.7595236461623643
318 0.7538021689453138
319 0.7753024575007944
320 0.7671943066829736
321 0.778368354255047
322 0.748158004750185
323 0.7703751927203537
324 0.7768954159004385
325 0.7517778498203221
326 0.723699401681319
327 0.7223223447658712
328 0.7440368697942543
329 0.7272869608974541
330 0.718214544446469
331 0.7774639804140266
332 0.8077899492526881
333 0.7867614024286421
334 0.7731773321936022
335 0.7696360834856917
336 0.768008573774732
337 0.7639287564739515
338 0.7388338379123159
339 0.7141476184772788
340 0.7150524615136827
341 0.714152631681615
342 0.7182599465499349
343 0.7204514387625474
344 0.7182815051727486
345 0.7445352039087468
346 0.7560588108555539
347 0.7252646520421312
348 0.7658032176918662
349 0.7731800258083505
350 0.7597738503299039
351 0.7412199918230697
352 0.7417380877310894
353 0.7535962115197071
354 0.7568135364054809
355 0.7633395603717649
356 0.7679287693357356
357 0.7749860361329247
358 0.7872134171875858
359 0.7771028384944983
360 0.7790487085375235
361 0.7784666726342457
362 0.7675819500441335
363 0.7823172727930304
364 0.7775510358621383
365 0.763474421494801
366 0.7434560315126733
367 0.7468976240906644
368 0.7565622709328663
369 0.785471400257154
370 0.7663621409627456
371 0.7731984722940464
372 0.7590383795847794
373 0.7602278755335825
374 0.7643301907162429
375 0.7602119969949749
376 0.7822745989675207
377 0.7931075633854313
378 0.777414042824306
379 0.749949807056075
380 0.7623542995116698
381 0.7861877410979029
382 0.7651433041425694
383 0.7975011158990839
384 0.8008312154302394
385 0.8032366805234283
386 0.8045682708684895
387 0.8064799090012336
388 0.7956508826812779
389 0.7990291584675165
390 0.7888384122612291
391 0.7996636609137816
392 0.8002852164830359
393 0.8169766642359867
394 0.8095891637652403
395 0.7940596365727025
396 0.790468810967997
397 0.7988689432912447
398 0.7879001060402671
399 0.7851378347321559
400 0.8073610790299028
401 0.8073673112899438
402 0.8236116678569219
403 0.8203324064337199
404 0.7920824380034229
405 0.7608400196750069
406 0.7773484111265809
407 0.8023259783422289
408 0.7946789876714869
409 0.8009256449611578
410 0.7987801214981219
411 0.8017640821840472
412 0.7888119696889049
413 0.7932417056895557
414 0.7823120143733756
415 0.8102343934962629
416 0.7917751349789104
417 0.776483285208185
418 0.7755443337550649
419 0.7830336652634988
420 0.75963095084264
421 0.7276274375061582
422 0.7471975885772751
423 0.7588412863834636
424 0.7135268625416588
425 0.726508591558915
426 0.7428422698531956
427 0.7726436391774935
428 0.7261426631210862
429 0.737234368695532
430 0.7222931017158462
431 0.7358053608201259
432 0.7105770089190581
433 0.7326028253157759
434 0.7464491109896692
435 0.761282934204361
436 0.7864791477359158
437 0.7706139967314715
438 0.7724775057554497
439 0.7646494394644808
440 0.7764932866465628
441 0.7640933352769749
442 0.7764659744665555
443 0.7485566627066403
444 0.7230689538857403
445 0.7425912548174
446 0.7599479675526654
447 0.7698555188096289
448 0.7752762768300752
449 0.7816690690592865
450 0.7646843786041022
451 0.7543695053984976
452 0.7622226870332497
453 0.780193115231005
454 0.7800069077540238
455 0.7994357069185397
456 0.7807546362304679
457 0.7736372823768082
458 0.7858396275617173
459 0.7601813429668061
460 0.7548183289142456
461 0.7602505787015278
462 0.769281033154266
463 0.7964003809925086
464 0.7828603936145717
465 0.800496143434411
466 0.7963330646753408
467 0.7914505354853445
468 0.7695013613531674
469 0.7646534056635231
470 0.765583943912715
471 0.766093364153305
472 0.7773318375172739
473 0.790239895429279
474 0.7789808235054656
475 0.7858037984555365
476 0.7904488113739785
477 0.774068493491727
478 0.7907077978293128
479 0.7931775137953374
480 0.7871617973646041
481 0.7745169863569935
482 0.7725474948651757
483 0.7794031780415188
484 0.7868887483872495
485 0.7918571657023634
486 0.8091504274760531
487 0.8070256989803731
488 0.7899929825492964
489 0.7865516905743887
490 0.8062009969714119
491 0.759637462688224
492 0.764516516613728
493 0.7838287672950567
494 0.7935526873612382
495 0.7987799852236157
496 0.7695529092311716
497 0.7686551886608346
498 0.7812881836914346
499 0.8086571291406364
N: 600 densidad: 6.0
0 0.04566384214820512
301 0.8006893415514558
302 0.8167905711973265
303 0.7881610739012852
304 0.7935375033343645
305 0.800820213607778
306 0.8068133962833753
307 0.8125854794080065
308 0.8199961789850962
309 0.8101841486144701
310 0.7985578155794575
311 0.7759325679463911
312 0.768448091097417
313 0.7829419817384359
314 0.7937165034767089
315 0.8141390739947667
316 0.8145708558354747
317 0.8138983682056637
318 0.8088169568711042
319 0.8031281791737177
320 0.8169632651188723
321 0.8279727287102795
322 0.8245238932612411
323 0.8326133630105036
324 0.824927880786326
325 0.8278934261415429
326 0.8082788887195201
327 0.8066410846523562
328 0.8109843322528458
329 0.8170505281108438
330 0.7962491611611778
331 0.8016328473616421
332 0.7974635324365171
333 0.8078117593004221
334 0.8159395653030629
335 0.8009137211687514
336 0.7934669383052105
337 0.8312068431510928
338 0.8199127644764919
339 0.8110740601304909
340 0.80473455756866
341 0.821633013318472
342 0.8132636222107368
343 0.826922171145736
344 0.8300990846966079
345 0.8268731071993816
346 0.8406748754281795
347 0.8173423638736788
348 0.8092270225094486
349 0.7883829946106542
350 0.8036147334418438
351 0.8007579687548716
352 0.8114069872270337
353 0.8089380051817859
354 0.8211570598778637
355 0.8134011862067908
356 0.8195241284423114
357 0.8255190330294675
358 0.8218301450820662
359 0.8244070244291282
360 0.8151015853981414
361 0.8192268030634373
362 0.8068787553521258
363 0.7986454833206036
364 0.8178130416026338
365 0.7919741101087472
366 0.7896870321509841
367 0.8154135335517626
368 0.8002232003991469
369 0.7948924543653306
370 0.7999619845243928
371 0.787746050359067
372 0.7913600871546516
373 0.8001491439750217
374 0.8030540192639215
375 0.8191024599734489
376 0.8165793289543555
377 0.822141907038301
378 0.8062636369279798
379 0.8043476100147231
380 0.8047775060441215
381 0.78933887780209
382 0.7643418614079567
383 0.7886644327597199
384 0.78576849393718
385 0.7848064278577662
386 0.7976414896086416
387 0.8016445868743352
388 0.7926080965788962
389 0.8201180462341138
390 0.7831554876118583
391 0.8126432762734557
392 0.8015674868701032
393 0.7933564318445723
394 0.7994840854718221
395 0.786080699253836
396 0.7765312937995277
397 0.7962693662566565
398 0.8047263708665631
399 0.8182435311341321
400 0.7932347811683584
401 0.7769038990254962
402 0.7731293313639198
403 0.7659282077180295
404 0.7887827408584157
405 0.7444761632525383
406 0.7493359775762336
407 0.7783272621214149
408 0.8097731328532389
409 0.8013392796425948
410 0.7822636279293869
411 0.8096115502740839
412 0.8001863822397534
413 0.7863428252816237
414 0.7781835226645293
415 0.7827998441746314
416 0.7754388726437812
417 0.7711006451701239
418 0.7831404370186693
419 0.760479446328023
420 0.7599515104309722
421 0.7727542807813379
422 0.7646585175699586
423 0.7595089950459375
424 0.7820409193220167
425 0.7636574198885762
426 0.7745344132194132
427 0.7976632148751754
428 0.7886617284728866
429 0.7780755950434706
430 0.7812563856104442
431 0.7774246455798658
432 0.8068728157482086
433 0.7756549567640368
434 0.7858272218549247
435 0.7941126155707389
436 0.7949309170123865
437 0.791978761791665
438 0.7993670156121291
439 0.8127275373882952
440 0.8189927043479276
441 0.8015811678910099
442 0.8193921548330965
443 0.8187833351864504
444 0.8059155814754325
445 0.8145729887213983
446 0.8167374395303972
447 0.8193407972523018
448 0.8166164192412599
449 0.8200312899948743
450 0.7989925695717554
451 0.8011748476914933
452 0.783970398696206
453 0.7940129001152342
454 0.8085636709693035
455 0.8153474119469009
456 0.8075990716647794
457 0.7914935127759165
458 0.7904729056222629
459 0.7815535493402149
460 0.7792003742824911
461 0.7827525868832059
462 0.7893720438354106
463 0.7855875455111405
464 0.757695731107467
465 0.7379966522552548
466 0.7472559552068279
467 0.7618624157705564
468 0.7795563000804457
469 0.7710016591248781
470 0.7499756031089926
471 0.7576918863829772
472 0.7644155099470847
473 0.7436072968221636
474 0.7300144153653617
475 0.7095240844572291
476 0.722976818730514
477 0.7110614369152449
478 0.7478493237785453
479 0.7692409717452133
480 0.8042295507170335
481 0.7917492196168444
482 0.7969248662216273
483 0.7813236465122603
484 0.8066847556781663
485 0.7975251057236639
486 0.7933274317565006
487 0.8015623344319571
488 0.823313955280883
489 0.8049528238171832
490 0.802441834072154
491 0.8002284073715143
492 0.7998665453381372
493 0.7947165271069468
494 0.797242087380686
495 0.7910780417175334
496 0.8009264408181231
497 0.7976283009839313
498 0.8030791676365634
499 0.7900338314191866
N: 700 densidad: 7.0
0 0.06578401153670371
301 0.8136182403040897
302 0.8143419405019218
303 0.8048528327814295
304 0.8102110660819866
305 0.7764736360512311
306 0.7972498892986133
307 0.7781142890365448
308 0.7625743857895848
309 0.7765226877674097
310 0.7682088615207111
311 0.756473899530375
312 0.7831528780181258
313 0.778398771589283
314 0.781783972170939
315 0.781513183938747
316 0.7724534069960621
317 0.7949373420672172
318 0.7833261225233661
319 0.781872541456431
320 0.7899363435574006
321 0.7788168824504802
322 0.7466453759534394
323 0.7706300266400542
324 0.772130017705957
325 0.769032449760404
326 0.7853112403783088
327 0.7662371151474225
328 0.7726858319000595
329 0.7594893843704027
330 0.7347055647322085
331 0.7480707430375868
332 0.7420833415889164
333 0.7462639910645633
334 0.7255765803077578
335 0.7202779653096684
336 0.724187626621762
337 0.697681493303287
338 0.713966122713604
339 0.6951735514250481
340 0.6861217568168789
341 0.6701125229266177
342 0.6906191342410377
343 0.6821353898493614
344 0.6790815104657703
345 0.6839485309033501
346 0.7055857087492396
347 0.7278740030923461
348 0.755552219224199
349 0.7715434082613842
350 0.7890205141591803
351 0.7846222851126089
352 0.7767907040841339
353 0.7748963420179326
354 0.7552839827060117
355 0.7503218136027534
356 0.7674232828615214
357 0.7535369572061432
358 0.7326914245226783
359 0.747205948881
360 0.7596856533984594
361 0.7485034660156955
362 0.7505388670279756
363 0.7366988027706304
364 0.757180458623255
365 0.7288263628324003
366 0.6868027549372527
367 0.7009920408497283
368 0.7160548608306739
369 0.7151191735588319
370 0.7219769039303747
371 0.7184044626136562
372 0.7333337378834983
373 0.718219119716943
374 0.712038613177385
375 0.6801155049697236
376 0.6790817915048187
377 0.6656784347291752
378 0.6910054685845173
379 0.718736008180404
380 0.7477249167387965
381 0.7405204106429956
382 0.7587397906276314
383 0.7385630750282551
384 0.7226006905909751
385 0.7340352473606802
386 0.7502868556082354
387 0.7852534263297909
388 0.7727060466749888
389 0.7921140150227052
390 0.7507869802521829
391 0.7739364420089567
392 0.7533135269763344
393 0.7337441632486813
394 0.73195336660036
395 0.7511698912767076
396 0.7579226385456289
397 0.7640478549170365
398 0.7841992329618644
399 0.75449814169358
400 0.7701884773517568
401 0.7788267739007854
402 0.7959203562960996
403 0.7945944478863334
404 0.8144814144806005
405 0.8214790456401309
406 0.8184772219441312
407 0.8200389912990205
408 0.8263253622896342
409 0.8192091654851884
410 0.8207675289872812
411 0.7827729939352902
412 0.8033185292865113
413 0.7915426796296375
414 0.8017345161994239
415 0.7932972131307303
416 0.799472655559107
417 0.811531282398738
418 0.8109313878449814
419 0.8019060967734052
420 0.7878012741188744
421 0.7734202031318744
422 0.7826434158331217
423 0.7770095891830955
424 0.7882090990688579
425 0.7829837083490232
426 0.7687219367509263
427 0.7789860909342918
428 0.791015195825866
429 0.7898690026929165
430 0.7774271342087709
431 0.8100707170982089
432 0.7925744265147093
433 0.8008490032391626
434 0.7975422693798474
435 0.8033390772391029
436 0.7892488856466813
437 0.7966319868747755
438 0.813696163265132
439 0.8143668525895216
440 0.8072454428599306
441 0.8083508889110133
442 0.8086576344181106
443 0.8008840950957532
444 0.8138542002413522
445 0.8276093793720904
446 0.8146036791301887
447 0.8095991699907371
448 0.824047859908883
449 0.7991985455071019
450 0.8101823033521844
451 0.8133387019282958
452 0.8209370455075974
453 0.8227102524163497
454 0.8191199077964735
455 0.7949632377506651
456 0.8100610470453314
457 0.815341527433082
458 0.8122961269936395
459 0.8058462288794124
460 0.8115605222533533
461 0.8052635250717669
462 0.7977903732448769
463 0.7837861228968159
464 0.796387199735259
465 0.7899933139184263
466 0.7913684003632179
467 0.7886347902749622
468 0.7958065935373495
469 0.7858544240196169
470 0.7988224000036711
471 0.8067920246384828
472 0.8224191805126663
473 0.8226137452804952
474 0.8233321213777958
475 0.8183056997844796
476 0.8111965907716373
477 0.8080181280871821
478 0.8145355687520398
479 0.7952091620837975
480 0.7995063855576503
481 0.8103789562708625
482 0.80777641987577
483 0.8045827866515176
484 0.7983341363750895
485 0.8003378047251262
486 0.775760911266697
487 0.7782591464817892
488 0.7762752277602585
489 0.7715866008634413
490 0.7752718786204786
491 0.7623406372252708
492 0.7934557157161019
493 0.7969213276741114
494 0.7933164441692823
495 0.8208225106866797
496 0.8271612973794411
497 0.8108425524374361
498 0.8142979343618587
499 0.8103636301928328
N: 800 densidad: 8.0
0 0.03472861953222741
301 0.7770532791304712
302 0.7837276878944494
303 0.7636848047644763
304 0.7678096386201948
305 0.7771247420373082
306 0.7773868695262336
307 0.8107941236262509
308 0.7988390932126878
309 0.7872745954486614
310 0.7935680893772656
311 0.7838530409814045
312 0.7942496519132568
313 0.7977630535305448
314 0.8017617969434903
315 0.7979882601187991
316 0.8134150831872925
317 0.8152444804015132
318 0.8213128063352667
319 0.7994159779562681
320 0.8065084528542826
321 0.7951014609927546
322 0.796583563767999
323 0.8147901374339628
324 0.8125247759613042
325 0.8157477538575889
326 0.8149487372024128
327 0.8209020724376158
328 0.8207179130350561
329 0.7893666478724962
330 0.7862622724017022
331 0.7783253943747367
332 0.7830389265186682
333 0.7815775405639606
334 0.7951643008925856
335 0.7764680808868785
336 0.7943193117219675
337 0.8029707648952242
338 0.7821768256518492
339 0.7976147628418943
340 0.7997023635579533
341 0.7956165735131372
342 0.7880283954876153
343 0.7820571344211351
344 0.794093991278581
345 0.8090785027533575
346 0.8096430312355136
347 0.8184557032470222
348 0.8296649049981478
349 0.8169651384422351
350 0.8262474981102391
351 0.8113758863871608
352 0.8292224994325803
353 0.8020909199389251
354 0.8193943532925364
355 0.8121182698370607
356 0.8102690765515143
357 0.8094438135774867
358 0.8123968792181587
359 0.7871182169582508
360 0.7888391679379013
361 0.8015115149582952
362 0.8072109829445155
363 0.8216748257451644
364 0.8170751430488584
365 0.8251868501031122
366 0.816707165509002
367 0.8124169827505797
368 0.8107493992665806
369 0.8339760982583679
370 0.8175424463357528
371 0.8239354852785238
372 0.816043336582227
373 0.8017813075052418
374 0.8186895180545775
375 0.8154421343822698
376 0.8264446270972851
377 0.830155427422699
378 0.8146419515459521
379 0.8097055906396288
380 0.828074011344075
381 0.8119617241458409
382 0.8154232659552004
383 0.8173488664367522
384 0.7964614786518047
385 0.8023673968374534
386 0.8017821688274468
387 0.7911094022422166
388 0.7856275769096898
389 0.7627274238500067
390 0.7608229089911801
391 0.7604465166673554
392 0.785754700101311
393 0.7966299482258975
394 0.7942696074261941
395 0.825454210105827
396 0.8116940250474292
397 0.8140073079258806
398 0.8307489551578864
399 0.8056271927500038
400 0.7998608117619664
401 0.8098971721572151
402 0.8121114727543346
403 0.8197328922702297
404 0.8130251607596679
405 0.8194653776518425
406 0.8135275160388197
407 0.8206660121476408
408 0.8183487122969825
409 0.8082324634871453
410 0.7982525944332175
411 0.8157696890096751
412 0.8162432586607992
413 0.8129599962790387
414 0.8088127325232745
415 0.8075862632909773
416 0.8104907627952084
417 0.8148676622118421
418 0.8018515473822155
419 0.8047077240032244
420 0.8208259832073838
421 0.7974221018988503
422 0.7894547563776464
423 0.7919070675095488
424 0.7979966935975589
425 0.7982942908358539
426 0.7907673461490873
427 0.7717410894862224
428 0.7825076129534208
429 0.7721386452031833
430 0.7818446567399461
431 0.7716021985969412
432 0.761462040480324
433 0.758781069748089
434 0.7906194295286165
435 0.784124803532568
436 0.7889246996083484
437 0.8045103071853107
438 0.789673160041089
439 0.8152081819487806
440 0.8014650275591957
441 0.7962165840492994
442 0.7870323785636836
443 0.7407717568360429
444 0.734374461231885
445 0.7402774842690051
446 0.740608022239965
447 0.7460450802913531
448 0.7660811083480653
449 0.765931879080064
450 0.7282537185595964
451 0.7393675848056481
452 0.7547980876149318
453 0.741750898579392
454 0.7430064415971199
455 0.7574126627313019
456 0.7725593117111466
457 0.7724902579101469
458 0.7839000539458562
459 0.7917572231863715
460 0.788762958516143
461 0.7936207589835155
462 0.8004692331750939
463 0.7937978378921291
464 0.7974392997853338
465 0.806683011394338
466 0.823781510610131
467 0.8004835314418197
468 0.8204271836294055
469 0.8289207865793872
470 0.8223101223201086
471 0.8062420320729422
472 0.8092693909832605
473 0.8196877783841164
474 0.8131365211383764
475 0.8141488810846923
476 0.8145570067698219
477 0.8155047756201936
478 0.8086922653355212
479 0.8075683182631669
480 0.8104714351824631
481 0.79487867727169
482 0.8048279632088255
483 0.8040973844550349
484 0.8188374563837071
485 0.8134523961340144
486 0.825750147830166
487 0.8201240988367106
488 0.8092820976314808
489 0.8006545319034433
490 0.782038155321732
491 0.7976544855424631
492 0.7959143219245098
493 0.793052771094252
494 0.810842183311744
495 0.8144342942127736
496 0.8077352067422714
497 0.8230378105419068
498 0.8304372672304262
499 0.8308825107290905
N: 900 densidad: 9.0
0 0.041196029496277355
301 0.8309795966252056
302 0.8204600139820237
303 0.8292905390242475
304 0.8186278854183506
305 0.8250781952977897
306 0.8276130233659087
307 0.8117727015086231
308 0.8208460634347304
309 0.8071672774057829
310 0.7940307203355051
311 0.804995428249474
312 0.828631311108513
313 0.8268199340853521
314 0.8206765963419285
315 0.8057577712894495
316 0.8199429470702889
317 0.8147283045403471
318 0.822842224633548
319 0.8159926395122176
320 0.8221934972337159
321 0.8101900938873607
322 0.8190597175625719
323 0.8025971097094641
324 0.795426094054364
325 0.8110316409846889
326 0.8063774540581016
327 0.8063504277211595
328 0.7991760066933976
329 0.7837315406298804
330 0.7791613119559346
331 0.7762225750105475
332 0.7720695473957306
333 0.7738854192329611
334 0.7629504856644139
335 0.7817605971263634
336 0.7936886885529638
337 0.8001725756631628
338 0.7907203001759286
339 0.8023228898239082
340 0.8051501993896965
341 0.7879287129917439
342 0.8121428092633113
343 0.8164423874819209
344 0.8048087523065804
345 0.8016476007131668
346 0.7923075093761204
347 0.8047027111107683
348 0.8170878588251358
349 0.8026903131854598
350 0.7894895335523416
351 0.8068247429476288
352 0.8217038585377511
353 0.8109297897959896
354 0.8096811858022618
355 0.8020416176653596
356 0.7790273213578097
357 0.7978383262131482
358 0.7973132340958448
359 0.8098276041799645
360 0.8216224990805516
361 0.816205073203865
362 0.825203891582018
363 0.8074249263867699
364 0.8033144085076808
365 0.7979376740006164
366 0.7940942639545899
367 0.7994508470549498
368 0.7836482216607489
369 0.781570037584549
370 0.7696184457541817
371 0.7610992360294503
372 0.7659349027466589
373 0.7442604000087322
374 0.7594542635090558
375 0.7764595030837077
376 0.7907203905481699
377 0.811417147042632
378 0.7960923720560443
379 0.7890430318022787
380 0.7690216180909378
381 0.7818471442949244
382 0.7841339192183655
383 0.7840331725641186
384 0.7822506330283725
385 0.7841751977302747
386 0.7773797532745931
387 0.7913867758845567
388 0.7919149145558129
389 0.7934050059054182
390 0.7989045323598641
391 0.817331415539863
392 0.8035567038444432
393 0.8169716616192729
394 0.8105523738410715
395 0.8134170840971421
396 0.8220645572362043
397 0.827170899727124
398 0.8145946114800884
399 0.8126597581664119
400 0.8015553634873801
401 0.7973723480697834
402 0.7960480849543787
403 0.7974766211896267
404 0.8064980168922998
405 0.8065279471345522
406 0.8160832827814843
407 0.812899766762699
408 0.8104649080797885
409 0.7994770643877062
410 0.8082048091240188
411 0.7947720108852123
412 0.7960947831923814
413 0.7937116936007705
414 0.7907468543352038
415 0.7923314648761638
416 0.8010023928065917
417 0.8009104300729945
418 0.7860288518065225
419 0.7870054069285466
420 0.8008022729769256
421 0.7878726009102195
422 0.7666052733040358
423 0.7818380048395414
424 0.7845081186235193
425 0.8029345618437178
426 0.8061556939480712
427 0.8071713966641708
428 0.8113176995674521
429 0.8121164231855102
430 0.8002082481348839
431 0.790961503050527
432 0.7760629246123373
433 0.7993970488862203
434 0.7865301367369357
435 0.8032294451189371
436 0.7951331247826835
437 0.787715543609645
438 0.7997439091008893
439 0.8053074560997534
440 0.8097552558560764
441 0.8073947963782195
442 0.8176493818056764
443 0.8312906594864248
444 0.8216894102091508
445 0.8051957634653633
446 0.8129192569073809
447 0.8175231791351131
448 0.8345419836734419
449 0.8398750844065961
450 0.8184652839820392
451 0.8230571669756157
452 0.8409737777655747
453 0.8245294734021343
454 0.8215916523743452
455 0.8094846730421109
456 0.8169561315850301
457 0.786958287745936
458 0.8052671587308425
459 0.7967910470611037
460 0.8163448453183055
461 0.8056251252504164
462 0.8164939203026443
463 0.8097776714217362
464 0.8116028125964704
465 0.7951156155776451
466 0.8195718109837118
467 0.8186825342252223
468 0.8189327879403897
469 0.82045470981692
470 0.8241916403225789
471 0.8219163128480638
472 0.8205096644807534
473 0.8268457351172531
474 0.8154553752806372
475 0.8065739146471055
476 0.811890792392713
477 0.830528770119606
478 0.8205712407682445
479 0.8265689996259861
480 0.8291219834527089
481 0.8249732231742207
482 0.8112944425823011
483 0.8077233846590559
484 0.8095603349307907
485 0.8184330210563657
486 0.8230345842388587
487 0.8302593945087966
488 0.7984907813319841
489 0.8027036740349787
490 0.8149479838136098
491 0.811298969912268
492 0.8197655485990915
493 0.8103245259395437
494 0.816045799496372
495 0.8131936121694815
496 0.7954722714547195
497 0.8079524065246514
498 0.7983112157283035
499 0.8007494640145161
N: 1000 densidad: 10.0
0 0.0068576764407653375
301 0.8061211781485631
302 0.8233877371795043
303 0.8208991692206083
304 0.8196601206134952
305 0.8105248005723694
306 0.8253860337244638
307 0.817120611350505
308 0.8150032309767195
309 0.8231515371483075
310 0.8242366873264367
311 0.8336369343655602
312 0.8273709051034975
313 0.8218037009496748
314 0.79846039422106
315 0.7990941341704776
316 0.7986357659767204
317 0.7992281172495378
318 0.7880949414149628
319 0.7924875355344528
320 0.8150896350508398
321 0.8142067389930375
322 0.8070127197436937
323 0.79693246352165
324 0.8024841811198072
325 0.8076846747795757
326 0.8167596098903278
327 0.7879830945293681
328 0.7991499110619033
329 0.7990850363962128
330 0.7973075584397176
331 0.7990015202628713
332 0.8043826321277412
333 0.8041842660092329
334 0.8126292420250002
335 0.8114609484356009
336 0.7999935369568899
337 0.8016644028516922
338 0.8016483334633773
339 0.8047815574395074
340 0.8118405955917595
341 0.8041517007769816
342 0.805252170460941
343 0.8227647550064479
344 0.8161601289287517
345 0.8221158225182007
346 0.8245176483938053
347 0.8266774632704289
348 0.822035794073903
349 0.8151258614246036
350 0.8268543183098421
351 0.8168177328467574
352 0.8066110294430097
353 0.7920599608512336
354 0.7994556312924824
355 0.7941977343598784
356 0.7854862727401258
357 0.7814819958950914
358 0.792835214909969
359 0.7961852395988867
360 0.7936194295922794
361 0.7862178476911291
362 0.7954434298064179
363 0.7944954584806818
364 0.7890550681776334
365 0.794192334335435
366 0.8080168618067344
367 0.8004679428492324
368 0.7947719424616041
369 0.7880260161643555
370 0.7973330378217519
371 0.7733708312836025
372 0.7606811461700543
373 0.7704879639163512
374 0.7701657009494058
375 0.7671414473213815
376 0.7512973705916526
377 0.7564270765965688
378 0.7464726758059572
379 0.7600339447687077
380 0.7714894439286097
381 0.768766439569081
382 0.7767770337270982
383 0.7780184821101676
384 0.7685743397686043
385 0.7815052521683552
386 0.8018279526928123
387 0.7973958445785018
388 0.796218635498873
389 0.7993169722153904
390 0.805672505299201
391 0.8029215902894952
392 0.8046665932376343
393 0.8072537171756455
394 0.79794974516488
395 0.8087806215040806
396 0.804024977302984
397 0.8084711054150353
398 0.81261631293568
399 0.8125649683368803
400 0.8019839645770028
401 0.8260438701128032
402 0.8274576376410729
403 0.8272788543089268
404 0.8121564538521984
405 0.8133275067120376
406 0.8112384771052816
407 0.8145420487810103
408 0.8158725787619091
409 0.810406350860929
410 0.8051034513169343
411 0.8097884936663352
412 0.8167245915620376
413 0.8116283680468691
414 0.8120564160576972
415 0.7975212201098879
416 0.7957840606209426
417 0.7816507104904657
418 0.782423485291326
419 0.7842667928942841
420 0.7966405941581033
421 0.8118749722535805
422 0.8262702226138435
423 0.8152695412145193
424 0.833095206166525
425 0.8256350889332558
426 0.8270647170056592
427 0.8172508799165638
428 0.8055851125242595
429 0.8231894806461003
430 0.8212822770852066
431 0.804845049289049
432 0.8150590934371575
433 0.8148761752983706
434 0.816899978191867
435 0.8153114357613467
436 0.8097842297118333
437 0.8080795783741664
438 0.7849605340583928
439 0.7937159867682227
440 0.8060858218322888
441 0.8094507204905702
442 0.8012605556165802
443 0.7907911696519127
444 0.7932362104534063
445 0.7969984366968367
446 0.8018232166968322
447 0.8061111990007234
448 0.8130635182712421
449 0.8256168042813397
450 0.815018439316544
451 0.8167293169031882
452 0.8046943221365447
453 0.812749976005744
454 0.8267258636748298
455 0.808131242463681
456 0.8098394529564428
457 0.8205040604120999
458 0.8270920454148336
459 0.8224083847066936
460 0.8230680220491429
461 0.8174458544650602
462 0.8022558200159348
463 0.801723539572832
464 0.8050117363170436
465 0.8115678212415735
466 0.7926514020690473
467 0.8065290134193901
468 0.8242670965387419
469 0.8183526993736697
470 0.8230657654586977
471 0.8213988548319321
472 0.8285578753629427
473 0.8172929692284818
474 0.8111217346696553
475 0.8117613308803507
476 0.8221369725990351
477 0.8312963717693227
478 0.8239981210727774
479 0.8058964548322033
480 0.81013958045364
481 0.8123312464911544
482 0.8122149745865492
483 0.8134045517888124
484 0.8121492113151817
485 0.8005679690667725
486 0.807295643747853
487 0.804999141529605
488 0.8103906640213965
489 0.8074767162739234
490 0.8038229814083628
491 0.819071547111577
492 0.8265177039529115
493 0.8065606093480845
494 0.8095233186683242
495 0.8179654153594087
496 0.8064276362069727
497 0.8109330787137313
498 0.8045580399173082
499 0.8179222037207222
