N: 100 densidad: 1.0
0 0.052631823580625424
301 0.35375089061051673
302 0.3324546033318452
303 0.364555257861964
304 0.3829290276586488
305 0.336528214665403
306 0.3420800082875651
307 0.26139006504455603
308 0.22306017911750642
309 0.22570438609880286
310 0.2078918818697454
311 0.3400167297752296
312 0.3740051605275523
313 0.4339978904241493
314 0.43699603548279914
315 0.3757990960608489
316 0.3525734065953543
317 0.32581388396304994
318 0.3685362447361365
319 0.3692998283635736
320 0.29628872455846406
321 0.3819201006747744
322 0.382727463133922
323 0.4557594592039112
324 0.3898755166217198
325 0.38725459976652316
326 0.35261796412831287
327 0.39276813631180546
328 0.3759916017880933
329 0.431243694468266
330 0.36888930161579303
331 0.3303794330952643
332 0.3073830031588752
333 0.29525706947649666
334 0.3080400647123486
335 0.34481599439730726
336 0.42750375299030235
337 0.44638429291249576
338 0.5051891933042957
339 0.4669090673215
340 0.4374329103291717
341 0.41096389831543845
342 0.45765358674338175
343 0.45667399486655785
344 0.4816327075795887
345 0.4044169048070902
346 0.4544114974511777
347 0.3029709569601549
348 0.24199251049997875
349 0.3553387733698284
350 0.3089915754644276
351 0.310095110218748
352 0.3661254309877114
353 0.3994561927146298
354 0.47527433452378204
355 0.44462563335372424
356 0.4682603555801461
357 0.46838364947988204
358 0.39682564833475703
359 0.34661155670181065
360 0.35354482648849855
361 0.3509507981369251
362 0.3024973608833302
363 0.24954747003036926
364 0.18847555401419233
365 0.22911942366428684
366 0.23676502172543065
367 0.23228048427187328
368 0.25919551760749276
369 0.22460862101320975
370 0.20779789227202913
371 0.2573889198755224
372 0.23742101868175033
373 0.23601063367856687
374 0.15827688958283267
375 0.14371893521888596
376 0.17980339593373806
377 0.12473018642047821
378 0.01753254341073573
379 0.07840804656491844
380 0.1199474459355317
381 0.08928540553969255
382 0.09896444292398343
383 0.08843135883198282
384 0.11082451076414558
385 0.09857854178142271
386 0.10136917520014782
387 0.05795816183085046
388 0.03797927616396508
389 0.010896445559055347
390 0.0437422873987638
391 0.13243887079309208
392 0.16325053298543796
393 0.1992691071106305
394 0.22919070125429072
395 0.264841665499821
396 0.1534111183263203
397 0.19558523816298815
398 0.1831204549077539
399 0.1335140788396897
400 0.17513853974488336
401 0.16064464937908848
402 0.23187619927617928
403 0.13776756892695421
404 0.1843029084123209
405 0.2757515293664003
406 0.33220394692147237
407 0.4163568794909443
408 0.44960579092947706
409 0.3685845803106482
410 0.3511741332566641
411 0.4451048254128766
412 0.5595057713511071
413 0.6183400775024278
414 0.6370187163013682
415 0.6260722286329
416 0.6640363967317979
417 0.5672711072958712
418 0.5812868704979147
419 0.6011625033751068
420 0.6131006457621659
421 0.6072382674967589
422 0.6917764587256116
423 0.6793345409068956
424 0.6945916506357158
425 0.7215380482431769
426 0.6385535097017867
427 0.5140153956380805
428 0.5538562593664916
429 0.5270957118184434
430 0.597634007902679
431 0.6762987275064661
432 0.6656938344340841
433 0.5922714040383037
434 0.5564052037202292
435 0.5728271715949712
436 0.5928925014890606
437 0.6134530956711516
438 0.6286641312852815
439 0.6123219331011713
440 0.6562261233031187
441 0.6774463114603272
442 0.6473669973804953
443 0.6141242409375003
444 0.5946189510646627
445 0.6352226932179148
446 0.6226782756952322
447 0.6509596059658687
448 0.647181587571244
449 0.5937944589233547
450 0.6500439160599943
451 0.5397199148642752
452 0.5669036495250805
453 0.6167923436208337
454 0.5145282154035764
455 0.5382962717539141
456 0.5549769018765119
457 0.6238849697818581
458 0.6453330071047688
459 0.6478391113468118
460 0.6866130700551497
461 0.6654369433253883
462 0.6567478867685104
463 0.6034241958232556
464 0.5157757957785593
465 0.5512855717612536
466 0.5389171786431725
467 0.5540497480189175
468 0.4761840107724486
469 0.5103531268580578
470 0.5441368661604526
471 0.5805301898160025
472 0.5242076832565125
473 0.4444516863173206
474 0.38733616727395576
475 0.4070710451188612
476 0.5148119719899259
477 0.4954150840148106
478 0.4237756965139771
479 0.46544097592051964
480 0.44032471179655835
481 0.4121768120807641
482 0.4186544523116711
483 0.42586906894894794
484 0.4493572472915696
485 0.48662265750179334
486 0.46487924487068727
487 0.513892735126829
488 0.47702466299238694
489 0.3457965739429671
490 0.30620279222886465
491 0.2819692423865105
492 0.2061257482497936
493 0.26760415879705973
494 0.23053407323106903
495 0.2750845182971514
496 0.3942810048851179
497 0.3837917129774581
498 0.31023032706015125
499 0.30632232646301033
N: 200 densidad: 2.0
0 0.04585707117442755
301 0.241534411292064
302 0.2537827180426137
303 0.3472118939264666
304 0.37825927977443885
305 0.40897984957535544
306 0.37554271650735704
307 0.27689829465384624
308 0.27376588523912104
309 0.2864644936850918
310 0.2761990787738258
311 0.30053288245097165
312 0.2676638969654208
313 0.30559391066598285
314 0.3209968316014794
315 0.32922692195105435
316 0.3437797406349845
317 0.2933111950979235
318 0.2936602679557829
319 0.2974938427082639
320 0.3612543030222671
321 0.3642423584147989
322 0.4268326947738399
323 0.432992660954431
324 0.3549374481593041
325 0.3716190333649572
326 0.3946555064467195
327 0.3332408845817711
328 0.4382675026158192
329 0.458879453763031
330 0.47294582022144643
331 0.5152438629004672
332 0.4825361214606035
333 0.45068163839794456
334 0.48155208029343594
335 0.4837866024921735
336 0.513075944559139
337 0.51494448833991
338 0.4873956898450593
339 0.5139430247842782
340 0.5915320459807686
341 0.5866794955381366
342 0.5811970871077626
343 0.6053172216144903
344 0.6003795922774371
345 0.5443605554827331
346 0.5449510566527844
347 0.5535573490765637
348 0.5481398778832928
349 0.5866313233868321
350 0.5621550427723009
351 0.5778662054787381
352 0.5943144153587548
353 0.633930780371178
354 0.6660877684957089
355 0.6901291271311313
356 0.7160568670754305
357 0.7079100401338013
358 0.7038156613299288
359 0.6655255108903305
360 0.6479128331585285
361 0.6204735488350765
362 0.6134387962773326
363 0.5849223145410896
364 0.5654639077565613
365 0.5662777397558884
366 0.5661261189301644
367 0.6496421519098237
368 0.6402719709796284
369 0.6414235070063689
370 0.5938225767462465
371 0.577158311700107
372 0.5664596473647071
373 0.5787669489495707
374 0.5991141945918905
375 0.638946267757348
376 0.6265159512223226
377 0.6165230929898552
378 0.692190150268118
379 0.7013436606156591
380 0.7092880857299471
381 0.7014911827080533
382 0.7223534779380402
383 0.730078479416373
384 0.7423575810003289
385 0.6923514558432182
386 0.6353205671921995
387 0.5711903518772427
388 0.5807331595243738
389 0.5809816765794876
390 0.5704966062865439
391 0.6348628821697799
392 0.6302203079075258
393 0.6359148886721269
394 0.6583499560524925
395 0.5903314974397283
396 0.5922824526643057
397 0.6504223203131619
398 0.6656709406481996
399 0.694652501399384
400 0.7802853473317404
401 0.7584813623732578
402 0.7155698121822488
403 0.7413065592759929
404 0.7652215413610146
405 0.6953498599611705
406 0.6834737560711082
407 0.7550953785828382
408 0.6900566535999199
409 0.6907708189262132
410 0.6638996031977275
411 0.6973432399802614
412 0.6807779036192287
413 0.6480682917830963
414 0.6549108935547647
415 0.6159670253353718
416 0.5928459452084375
417 0.5709832915341275
418 0.5604282556545835
419 0.5221714657294004
420 0.5130258905237776
421 0.5105365218741605
422 0.5360085286740787
423 0.549326626017683
424 0.503473826059495
425 0.5469506490408529
426 0.55175263735921
427 0.5227930383382613
428 0.5329358579231233
429 0.5324423061767402
430 0.5804819545975114
431 0.6358144783688175
432 0.5770275058139022
433 0.621057811074346
434 0.6772891423784854
435 0.7136926295777348
436 0.6762423845309078
437 0.6440096899893439
438 0.5822629360138599
439 0.55307853586884
440 0.49761980907966463
441 0.536385320099287
442 0.5158975589373592
443 0.5793943127630553
444 0.5824097832940608
445 0.5669993618406848
446 0.55574689837842
447 0.5726963558721214
448 0.5812097017427711
449 0.5909743239321149
450 0.5842751686614042
451 0.6087765787643642
452 0.6076243318120541
453 0.594544246694996
454 0.5891370586669156
455 0.6152372216171372
456 0.6349517186307114
457 0.5980358766208408
458 0.5722375252814708
459 0.5553572254989095
460 0.5667868146129448
461 0.6343696808596301
462 0.6545342980318157
463 0.6705738824452436
464 0.6798076848793047
465 0.6872523237203443
466 0.7104224465470558
467 0.6705896563797794
468 0.6941900793777022
469 0.6496614568474507
470 0.6544752018940068
471 0.6822892093151355
472 0.6845236296209612
473 0.6445545039857882
474 0.6325651786767178
475 0.6012706384944789
476 0.6448655523445447
477 0.6570694204415483
478 0.6216870875370752
479 0.6092755448308841
480 0.5707481677143296
481 0.5532355459199386
482 0.5258988977466829
483 0.54190000542137
484 0.548830065857677
485 0.5954441740902129
486 0.5801545528944391
487 0.6091606085398376
488 0.6405934316103
489 0.6258970842550002
490 0.6357097602128129
491 0.6317847449835599
492 0.6650116156496838
493 0.6317093441344438
494 0.6020662786020999
495 0.5638543632074541
496 0.5679278176240107
497 0.6011390545461242
498 0.6131303070279474
499 0.6079782799653963
N: 300 densidad: 3.0
0 0.014986270881112327
301 0.7629382461176637
302 0.7406904245398495
303 0.7539279420740382
304 0.766566850918733
305 0.762781522462332
306 0.782231730001431
307 0.7896742947406161
308 0.7958535165200857
309 0.7863786988144106
310 0.801103415440051
311 0.817685768496716
312 0.8020317505107898
313 0.7937897558229344
314 0.8010279472784829
315 0.8220455684966977
316 0.7965154569373301
317 0.7664128021987753
318 0.759513527110175
319 0.7426899727698772
320 0.7417628895755943
321 0.7297819274463211
322 0.7691504311579829
323 0.6970267750813819
324 0.6837187824460838
325 0.6842659184107065
326 0.7105005698325937
327 0.6823080438696167
328 0.6855387086163525
329 0.7131960106428504
330 0.702183697653582
331 0.7025254102193701
332 0.6723695117285738
333 0.6649432722935212
334 0.7233949105271447
335 0.7303036347091799
336 0.7198850659019651
337 0.6889519450857992
338 0.6465076550463962
339 0.6963785321598241
340 0.7295462825407903
341 0.7227296217981501
342 0.739537801837479
343 0.7242071316555095
344 0.7499005415809158
345 0.7594953466035438
346 0.76012903394826
347 0.7497330622606063
348 0.7946048433099374
349 0.7744298306709276
350 0.7892329257340064
351 0.789828750090233
352 0.76389902761223
353 0.7954240346255447
354 0.7674623999610559
355 0.7540322003589724
356 0.7844942874495314
357 0.7877728708526508
358 0.775594020234145
359 0.8063364138762225
360 0.782535693926908
361 0.7880230046189373
362 0.7789177849789299
363 0.770251479865159
364 0.7871248297156389
365 0.7763164170347939
366 0.7489987521610366
367 0.7846752843965927
368 0.8182011105865252
369 0.7955590759506062
370 0.791836856150739
371 0.7883356222459529
372 0.7649636145373808
373 0.7828612124757875
374 0.7919764494413359
375 0.7657731627366198
376 0.8127954071162002
377 0.8018755188917002
378 0.7916385124546456
379 0.7590986834854763
380 0.8042674164387535
381 0.8194617293711738
382 0.8006334363613297
383 0.7626063611704593
384 0.7542090006524074
385 0.7155176451916394
386 0.7481092729099321
387 0.7568799487377539
388 0.7664435558487761
389 0.722246685126126
390 0.7679866341314774
391 0.7426554267014066
392 0.7357014841788755
393 0.718010491228569
394 0.7510062188052102
395 0.729641473560761
396 0.7039455478388092
397 0.7362542519320754
398 0.7507613517796925
399 0.7925034745324374
400 0.7747490649198494
401 0.7516764860586282
402 0.7788426084508141
403 0.7814199633255565
404 0.749236737949248
405 0.7575893011865
406 0.7215720918267026
407 0.7056850607789544
408 0.7362188804966794
409 0.7419714840151143
410 0.7308786597011607
411 0.7611718954250792
412 0.7451217241523677
413 0.8005598569388952
414 0.7693530024183468
415 0.7746719526065085
416 0.7361894224717036
417 0.7391482064057472
418 0.7052765256185061
419 0.7560997374807573
420 0.7135134048972349
421 0.7128247219616578
422 0.6838231469671453
423 0.7328301258393584
424 0.731980310110013
425 0.7294928542524395
426 0.7301963991622202
427 0.7422586564539021
428 0.7218210809936747
429 0.7065302200405966
430 0.7390599348722905
431 0.7266098709744814
432 0.7175849611874918
433 0.7102346969607398
434 0.7319729673385547
435 0.7026624656499113
436 0.6889116082542489
437 0.7106922025190465
438 0.7197207144112334
439 0.7364897026401671
440 0.7286874427023314
441 0.76952028344536
442 0.745618398128578
443 0.7035843758257885
444 0.6697940226307741
445 0.6925253763758977
446 0.6896999585362549
447 0.6897070176123401
448 0.6934190803429989
449 0.6890776636463346
450 0.6649367221245754
451 0.7415985473578299
452 0.7036647824864892
453 0.7161773342698097
454 0.6381354388682705
455 0.659655668799615
456 0.6877218241524891
457 0.6921940898136125
458 0.6889575277535152
459 0.7194384430828084
460 0.6681856512187465
461 0.6807562821549337
462 0.6780254510429988
463 0.6698011012489679
464 0.6523286268403738
465 0.66866514656749
466 0.6402645318151601
467 0.6440703642932117
468 0.656146927787319
469 0.6665680920214123
470 0.701064236034843
471 0.7068406395687679
472 0.7077402199432181
473 0.6845445968929668
474 0.6946187238175943
475 0.6420041327535632
476 0.6829631075529069
477 0.743075713508972
478 0.7237995570766924
479 0.7651637023446722
480 0.7296930236770729
481 0.6891711213552542
482 0.6970845020030076
483 0.7158065330645151
484 0.7331701511806968
485 0.7172496667349537
486 0.6783556387460234
487 0.6801543376390563
488 0.6481129766719139
489 0.6478729595652832
490 0.7054275907282324
491 0.7345478076549969
492 0.7536814407958203
493 0.7419859327270992
494 0.7224707883124206
495 0.6931914023351575
496 0.6556404822121694
497 0.737325308717072
498 0.7558573055110078
499 0.7596417888802112
N: 400 densidad: 4.0
0 0.05178431474288303
301 0.7479022115176764
302 0.7204258727888452
303 0.7439108134423843
304 0.7529977709078742
305 0.7768916143703536
306 0.780188869161463
307 0.7717734804975529
308 0.7535520614752835
309 0.7217080408690846
310 0.7270875394186715
311 0.7295342620099358
312 0.726686456452443
313 0.7357000699572414
314 0.7796693285773987
315 0.7788455953653464
316 0.7343971129097814
317 0.7565873728714504
318 0.7687677654118515
319 0.812288384965146
320 0.797475141495457
321 0.809365191692114
322 0.790654426076754
323 0.7940136627781312
324 0.8048030220105183
325 0.7867917076701813
326 0.7827439988363439
327 0.7611109725404629
328 0.7432862659327021
329 0.7402498380474349
330 0.7326298996459147
331 0.7023918532835253
332 0.6515605332129003
333 0.6114261892867563
334 0.666364814879694
335 0.6829171183730133
336 0.7007338845574189
337 0.724287887690194
338 0.7443249331325578
339 0.7370754000815293
340 0.7484163971204687
341 0.7214805381751983
342 0.7062797819285599
343 0.7269480331848271
344 0.7358721665367561
345 0.7226499192664558
346 0.7107438505511623
347 0.7516655390287248
348 0.7653030248879077
349 0.775545606249992
350 0.8043074532376421
351 0.800321625717325
352 0.7974637633931881
353 0.8055939175444395
354 0.8309558169698515
355 0.8207704933125662
356 0.8059766912637327
357 0.7986994139272984
358 0.7944472635464676
359 0.7499675827734879
360 0.7292914143216164
361 0.7334457115720916
362 0.7718961154386301
363 0.7705447046338286
364 0.7777398323632196
365 0.8123995299763108
366 0.8011020748133014
367 0.7890872663357685
368 0.7968033287978807
369 0.8018493151566295
370 0.7857227333338557
371 0.7988504604775235
372 0.779011545783664
373 0.7795413153784683
374 0.7674491572535155
375 0.8033729865688182
376 0.7941569840917859
377 0.7733796745378188
378 0.7448267512540635
379 0.7581513803744334
380 0.7484987284866634
381 0.7958559198412404
382 0.7690698968188773
383 0.7717183668163515
384 0.7819919436959224
385 0.7954896518083668
386 0.7717667938535943
387 0.7847593786652093
388 0.744962610654382
389 0.7580706798658773
390 0.7862980369194825
391 0.75016667852937
392 0.7856210414788892
393 0.7711205497051369
394 0.7629523537921963
395 0.7651060205905672
396 0.7479082443921935
397 0.7402439421393424
398 0.7304384258410828
399 0.7429903688104376
400 0.7256136286223253
401 0.7245101726896012
402 0.7392871657002239
403 0.7493843414544447
404 0.7565288770640946
405 0.7380048212600956
406 0.7005054198324316
407 0.6944256239443053
408 0.7092004360806053
409 0.721125560743392
410 0.7237573801898285
411 0.7368131770392509
412 0.712791150812001
413 0.729347512271273
414 0.6896452961634169
415 0.7002502530744651
416 0.7126078188702457
417 0.6929789296635763
418 0.7347220081621572
419 0.7561768208526068
420 0.7403450656052537
421 0.7087705173175248
422 0.7363785655748852
423 0.7244586882073235
424 0.7317797741669606
425 0.7457676745469488
426 0.7588561901911505
427 0.7817656608017214
428 0.7856347886636748
429 0.7759473883594336
430 0.7806744757696635
431 0.7619007629445672
432 0.7657692454700088
433 0.7619727179649648
434 0.7644542537563704
435 0.7561947358075295
436 0.7392676003627652
437 0.7488152302247317
438 0.7668443138466484
439 0.772311398050209
440 0.7877335608851473
441 0.7756905573861922
442 0.7280142122868924
443 0.6979344580887376
444 0.7102044478574969
445 0.757874872060532
446 0.7330763050484818
447 0.7310820770647872
448 0.7309754337619901
449 0.7315166396366316
450 0.7339638845875548
451 0.7393248994158821
452 0.7243234314133368
453 0.7034941679219907
454 0.6966536140706983
455 0.7404666459142119
456 0.7397860256974208
457 0.7352191355290717
458 0.7009135167300439
459 0.7085200014327833
460 0.7312958337990653
461 0.7478543702602174
462 0.7554984244506949
463 0.7887935533615876
464 0.7956018081797714
465 0.7841905852299494
466 0.7674767796196141
467 0.7702540156462296
468 0.8003431296477589
469 0.7738878066104699
470 0.7847334844236563
471 0.7951169282465888
472 0.8259915506093822
473 0.8445487074418443
474 0.8215884357348675
475 0.7949463438060933
476 0.8331824123567994
477 0.8216756683562677
478 0.8233351290563138
479 0.7971130979769492
480 0.7935873997096703
481 0.7727180561624801
482 0.7697802463753881
483 0.7824420112744811
484 0.7744193840420263
485 0.7857841320307677
486 0.7773217370329348
487 0.8007835024144002
488 0.8089586226830087
489 0.8131324229264897
490 0.7927271278167928
491 0.7895012063221992
492 0.8027597149160123
493 0.8002771574838731
494 0.8060047039970736
495 0.8128678482582105
496 0.823036937190469
497 0.8150402684500516
498 0.8048334402010476
499 0.7860692055341141
N: 500 densidad: 5.0
0 0.05342127874141979
301 0.6922588433921368
302 0.7019527921688706
303 0.7304610518348
304 0.7133547065089813
305 0.7388410965296796
306 0.7501351719793521
307 0.7491282203047016
308 0.7429169169532681
309 0.783013486243094
310 0.789461033577629
311 0.7953108823903793
312 0.7723948976712796
313 0.7889064495111618
314 0.7991158907764474
315 0.7920173039377238
316 0.7689275651119939
317 0.7461680910436459
318 0.7303942398721809
319 0.74271103593213
320 0.7712396707921635
321 0.7670787258485229
322 0.7647243263426146
323 0.7523249103542553
324 0.76543592579834
325 0.7839560591821686
326 0.7918131430441396
327 0.7871145347600367
328 0.7948482046087931
329 0.794626757186162
330 0.798151435321491
331 0.7923681565913133
332 0.8033731017287778
333 0.7899569720076263
334 0.7940242668087966
335 0.7879131658632303
336 0.7881270178286499
337 0.7429148012443892
338 0.7612635959517847
339 0.7598088671783781
340 0.7646393980094411
341 0.7510053152437487
342 0.7507750183295568
343 0.7559470605979627
344 0.732049495932774
345 0.7249035713574661
346 0.7019484770925816
347 0.7087447148091142
348 0.7332012587447451
349 0.7410086555015005
350 0.7401439971634934
351 0.7679998668407758
352 0.779401772241927
353 0.7925138515053213
354 0.7919594961046844
355 0.8199969102116007
356 0.8315793856282174
357 0.8289232273777422
358 0.8073523381884544
359 0.8090977650779811
360 0.8086685419292133
361 0.8012129111331802
362 0.8240481412438548
363 0.7906662415300327
364 0.778813239251419
365 0.7680497914521989
366 0.7898692570200673
367 0.7846433775333553
368 0.7965645519726935
369 0.7936453145188015
370 0.8059673271127832
371 0.8022416648626735
372 0.7844169444492403
373 0.7685626532094626
374 0.7696643202337593
375 0.7727105889598824
376 0.7705097674491669
377 0.7978473125406871
378 0.7645621540708564
379 0.7556899742032237
380 0.756670282291447
381 0.7602242928085072
382 0.7336985348000423
383 0.7272040775353947
384 0.7630300050313431
385 0.7870475749869386
386 0.7657772567768613
387 0.7717739056539018
388 0.7743288608119179
389 0.7667150523419527
390 0.7333622176863025
391 0.7289961223614942
392 0.7355659852757692
393 0.7344902002402008
394 0.7206776452843131
395 0.7502772738306572
396 0.7288843581017096
397 0.6996042030872808
398 0.7345529916294077
399 0.7449002328228479
400 0.759006514410156
401 0.7889299599294369
402 0.8117673880220551
403 0.7932968804568217
404 0.8200845482406152
405 0.800210675387746
406 0.8135671958508051
407 0.809772412293745
408 0.8184233520551484
409 0.8093621420387993
410 0.8100252294957418
411 0.8183670003999926
412 0.8030799694062919
413 0.8055813654909024
414 0.7999774607019816
415 0.799034206931236
416 0.7995167480955864
417 0.7854070944339776
418 0.7906140589052624
419 0.8026254879307306
420 0.7887472189471151
421 0.8045756850293944
422 0.7728773466244195
423 0.7723839441163471
424 0.7643358233644844
425 0.7714839832422361
426 0.7917649513751975
427 0.8287095070256647
428 0.8043719658275673
429 0.7997136346471577
430 0.8067734877243568
431 0.8051933907876433
432 0.8202927651975166
433 0.8244036861009579
434 0.8324600766033132
435 0.8173414928561277
436 0.8163232625375911
437 0.8113830652638577
438 0.813507168503781
439 0.8070025254914296
440 0.8099117896832292
441 0.8072162387376177
442 0.786173426661751
443 0.79133507695539
444 0.7924945048129878
445 0.7912287149507453
446 0.7902536352033028
447 0.7724136988500067
448 0.7710993783042567
449 0.7879498873759199
450 0.7966592698284031
451 0.8218025548145127
452 0.8213279797343406
453 0.8124704219722041
454 0.8172041010822313
455 0.8205796373831765
456 0.8143538442184878
457 0.8218594041190891
458 0.832645661503746
459 0.8158294728182229
460 0.8092498510274458
461 0.8174070933606085
462 0.8119628789565619
463 0.7877981040153457
464 0.7852704950159625
465 0.7811845057897355
466 0.8021850135215496
467 0.7872124992385283
468 0.7937548104733718
469 0.792634923168589
470 0.7713300874375045
471 0.7656144266062286
472 0.7617070120358862
473 0.7493062960784337
474 0.7447761056788355
475 0.7411725033653577
476 0.7360710215255878
477 0.7455738654427179
478 0.7940957268277841
479 0.770272017013958
480 0.7410403143249528
481 0.7619273645065419
482 0.7799994932904817
483 0.7786994626453045
484 0.7999447943791266
485 0.7946291052139342
486 0.8130708947775881
487 0.8015230919210583
488 0.8139069099609159
489 0.8062762652719346
490 0.8167520245688148
491 0.7937197136283803
492 0.7877501242299799
493 0.783962347319301
494 0.7739559232182949
495 0.7794066659427684
496 0.7850306894130384
497 0.7775245015670327
498 0.7984108038008831
499 0.8061124984671424
N: 600 densidad: 6.0
0 0.021347090474416987
301 0.7595341559991667
302 0.7210975742457875
303 0.7546371934067462
304 0.7826081269572773
305 0.8024069513508951
306 0.817019565710166
307 0.7902755530134512
308 0.7933240820115364
309 0.7946411796562804
310 0.7930590849882241
311 0.7904278325403531
312 0.8016635945990079
313 0.8049521843456457
314 0.790912605527856
315 0.8071204723900298
316 0.8042793645819772
317 0.8005721906227523
318 0.7690416584649324
319 0.7879213477735433
320 0.7839420803442717
321 0.799152269651426
322 0.8165576844597278
323 0.8102935306368458
324 0.7994002079347019
325 0.8067124910869915
326 0.8027971079464687
327 0.7842397776777461
328 0.7905454175851986
329 0.8006752703217134
330 0.7604632155634294
331 0.7658662967053651
332 0.7849204419609062
333 0.784577512011442
334 0.7952506020732238
335 0.7998159353801485
336 0.8017860015030651
337 0.8096817941243627
338 0.8075036278752921
339 0.8074125670096697
340 0.7896203827391468
341 0.7771294818745296
342 0.7990803997171935
343 0.7804733929556552
344 0.8036388407878756
345 0.7978377617408868
346 0.8030642709122393
347 0.8024827738014105
348 0.8016473019289674
349 0.8142201247861754
350 0.8014364385740181
351 0.775082138921446
352 0.7671314205902448
353 0.766661748839371
354 0.7738404416435782
355 0.7845658580979054
356 0.8036983793015509
357 0.8141101384947149
358 0.8202243010734369
359 0.817007910806069
360 0.8184141733172516
361 0.8117318266748813
362 0.7955872216348254
363 0.7922106236163143
364 0.7818631301482669
365 0.8062173850552123
366 0.7975744970807878
367 0.7914004539362147
368 0.8057357983349727
369 0.7917480737839141
370 0.7894879186208635
371 0.7962819337139534
372 0.811167819774002
373 0.8124157209594715
374 0.8057306776127948
375 0.810064204993142
376 0.8133199381686047
377 0.8302426869667415
378 0.8238890459066706
379 0.8221759128258318
380 0.8034846312171653
381 0.7780971081972201
382 0.7916841435096729
383 0.7810366115538584
384 0.7834346728640624
385 0.7889872508135413
386 0.7950781489497306
387 0.8076389152914905
388 0.8139784428313874
389 0.8076822437155382
390 0.8174008508216983
391 0.8057577395069031
392 0.8089562488854607
393 0.8081125618586835
394 0.8223805906992173
395 0.8125964416719492
396 0.7926086639003125
397 0.7883584006117691
398 0.8068183265991625
399 0.8136228724293448
400 0.8008991226825337
401 0.8124468877766574
402 0.8036296673105738
403 0.8136351113425335
404 0.8026641895501986
405 0.8107329932168892
406 0.823860987427197
407 0.7924012945691485
408 0.7977961660525467
409 0.809088010069109
410 0.8041471418746302
411 0.794421184009595
412 0.8034181520786641
413 0.8011673613589025
414 0.8125011868691685
415 0.8234168043695572
416 0.8007172165346798
417 0.7958246200593911
418 0.779870553309765
419 0.7922841233010594
420 0.749218742404023
421 0.7555807513938493
422 0.7707133738962268
423 0.7779673218005965
424 0.7800212330853644
425 0.7939267949052065
426 0.7823190492541461
427 0.7831743539642084
428 0.8024101211889316
429 0.8056692482640433
430 0.8060282900618913
431 0.7968081262176322
432 0.787025433795251
433 0.7922124067656237
434 0.7892917912000939
435 0.8003711029739039
436 0.7977421749280587
437 0.8029928652240563
438 0.801250332928992
439 0.8028934585730979
440 0.8163244144839845
441 0.8110746224909776
442 0.7969824051750403
443 0.8266581805331382
444 0.806286241452977
445 0.793957676724099
446 0.8070093476856817
447 0.7906251009412589
448 0.8158437887027499
449 0.7810972989805742
450 0.7543354427006372
451 0.7698595458285132
452 0.7758764010952334
453 0.7600687776317954
454 0.7785243408858813
455 0.7700936085094369
456 0.7590993918705797
457 0.7502628330348844
458 0.7560295271658766
459 0.7452777833420169
460 0.7600938352035759
461 0.7372604575055695
462 0.7400750454900892
463 0.7450799068188846
464 0.7303258762024148
465 0.7061544265764818
466 0.753366723710626
467 0.7320918547979569
468 0.7470933173090027
469 0.7616213426494435
470 0.7328276369473606
471 0.721755518458654
472 0.76841212490385
473 0.7450442699737565
474 0.7818863432893318
475 0.7807841096773324
476 0.7935462670195131
477 0.783587014652186
478 0.7806678688852909
479 0.7771422921066685
480 0.7400237276563035
481 0.7488047610033814
482 0.7485219130561647
483 0.7957311019518887
484 0.7942045118789065
485 0.7898581001416163
486 0.7969331858495011
487 0.7919642655660467
488 0.8092497036350373
489 0.7850293760506795
490 0.7918106901300835
491 0.8034964205347943
492 0.8071783935523807
493 0.8283988688430429
494 0.8249534779955215
495 0.7974058745284137
496 0.812274284068945
497 0.8071345980739707
498 0.7835728851619153
499 0.7801371079115506
N: 700 densidad: 7.0
0 0.022160980145991622
301 0.8255114827321963
302 0.8276926909120118
303 0.8095336648221908
304 0.8127778737605844
305 0.8033122863539747
306 0.7915373075761303
307 0.7823485205928714
308 0.8001373332316642
309 0.792810276706558
310 0.8029801123574215
311 0.7928656174406453
312 0.8006728169968029
313 0.783999856035853
314 0.7657023679604803
315 0.7608679837463124
316 0.7560959662424369
317 0.7582279034399215
318 0.7881007013871862
319 0.7819353392887177
320 0.7980130866095162
321 0.7986110548303609
322 0.7947303939663845
323 0.8271067175238516
324 0.8211872359760024
325 0.8144984812702105
326 0.8159205022188848
327 0.8309689129962056
328 0.8272109909971147
329 0.7984139760463708
330 0.8164440542226711
331 0.8213986851946309
332 0.8040666176064855
333 0.8074000166866181
334 0.8043779837355094
335 0.8262727395028203
336 0.8081469085182769
337 0.8215276234335195
338 0.8171563119808254
339 0.7957897821167544
340 0.8022809317889483
341 0.8087889478228495
342 0.8146256089796926
343 0.805202602965264
344 0.8145953998021873
345 0.813911236030981
346 0.8117657910356237
347 0.8259769201900947
348 0.8212793245010985
349 0.824840219044525
350 0.8377617008561874
351 0.8189358096024599
352 0.7966640956772085
353 0.778763300643849
354 0.7738282340659475
355 0.777689703756836
356 0.7783738805059854
357 0.7926763781008623
358 0.8081896934040778
359 0.8138537034084308
360 0.8189129831115496
361 0.8134960445859662
362 0.8145672304137205
363 0.8130403909449672
364 0.8160966397412137
365 0.8143985245300206
366 0.8181830996603632
367 0.8145864652388459
368 0.8076604231657573
369 0.8147816351060144
370 0.8306836335527427
371 0.8236000066778876
372 0.812698070180321
373 0.8013256718923275
374 0.7950528062404878
375 0.8053545233907268
376 0.8094932546914075
377 0.8087439858353537
378 0.8290535271487284
379 0.821732239715688
380 0.8284652405983073
381 0.8146875336070268
382 0.8131624865547484
383 0.8140851088938084
384 0.8026773327699953
385 0.8090892961812473
386 0.8170956774638152
387 0.8364876126121369
388 0.8147142406029517
389 0.8284866624423188
390 0.8201126512186869
391 0.8001226681638177
392 0.8252161024125181
393 0.8115636624841885
394 0.8099200167333627
395 0.809780878617198
396 0.8112362863517086
397 0.7875238137095967
398 0.7618478618107494
399 0.7680779266691102
400 0.7536417411809467
401 0.7398906968764708
402 0.7257339222684726
403 0.7506547721701354
404 0.7751964491649006
405 0.7716532348818207
406 0.7692669605545971
407 0.801078071565063
408 0.8139529390761256
409 0.7994192075548158
410 0.7968122902035771
411 0.779030172077921
412 0.7706831414500167
413 0.7482598325158551
414 0.7526632749450957
415 0.7849640470684576
416 0.8019099441133171
417 0.8033523055472461
418 0.7957783166209832
419 0.7862050800138569
420 0.8084469236072321
421 0.8053662877060622
422 0.8078179858177282
423 0.7803561620384387
424 0.7935042257650224
425 0.7954628999530552
426 0.8019216728695284
427 0.7892487229258139
428 0.7978469815785565
429 0.8257993824597392
430 0.8148883152323732
431 0.8348114508642827
432 0.8215815171958473
433 0.8113059411769294
434 0.825096036296271
435 0.8249409273535746
436 0.8271222468987515
437 0.8214809609797697
438 0.8197092759273552
439 0.8266542428103353
440 0.8125302415391262
441 0.8100802479088861
442 0.8135498855876575
443 0.8038812588046993
444 0.8220273750652157
445 0.8179903997556222
446 0.8108385788171278
447 0.8054606723620304
448 0.807585969477793
449 0.7913931576718092
450 0.7943026888737685
451 0.7933841845264631
452 0.7976713660878956
453 0.7562989255997021
454 0.7742262614060058
455 0.7869272831168048
456 0.8036612485355017
457 0.7966591383687798
458 0.7854296113394461
459 0.7848282294592405
460 0.7853983799945083
461 0.773038120585481
462 0.7814984031234308
463 0.789361711490505
464 0.8235632397910402
465 0.8146515903637996
466 0.83184532321306
467 0.8266630135922807
468 0.8239852472223084
469 0.8218099987610896
470 0.8109140146196265
471 0.8171682679449633
472 0.8241270028319432
473 0.8242485085198586
474 0.822419474763938
475 0.8211246572786844
476 0.8083865690538413
477 0.7814384244863128
478 0.8112640561707729
479 0.8195310992089793
480 0.8119291923183222
481 0.8190745336311844
482 0.8112907680694776
483 0.8222137878773107
484 0.8109775465605088
485 0.8165845206789316
486 0.8186995177494054
487 0.8104488461480198
488 0.8121465782873701
489 0.7994644203342848
490 0.7889879763139751
491 0.8042724187726927
492 0.812786524428203
493 0.8068143661737184
494 0.7948997078651924
495 0.782181652366561
496 0.7731820951309138
497 0.7941123353257075
498 0.7800571861008783
499 0.7593765453227037
N: 800 densidad: 8.0
0 0.00980858594489802
301 0.8095428101644501
302 0.8104147881433366
303 0.8235977206768856
304 0.8218748972164511
305 0.8137812164729091
306 0.8141490234547146
307 0.7953234335961512
308 0.7918189098194351
309 0.7812838897054517
310 0.8080231217246676
311 0.8261021335849933
312 0.8066750324335668
313 0.8178592971605481
314 0.8234806275543965
315 0.8159237171142976
316 0.8136832681272975
317 0.8091263175416316
318 0.8102278058391147
319 0.818926049824345
320 0.8352714505589874
321 0.8279810203352974
322 0.8252500465584927
323 0.8340158976536104
324 0.8162875208739848
325 0.8008809733479164
326 0.8100633418118143
327 0.8026627133662915
328 0.8087156398168034
329 0.7959990137637786
330 0.7798151190058532
331 0.7767678844657347
332 0.7887296459630853
333 0.8047500501258439
334 0.7965666747840938
335 0.8042848915623554
336 0.7767676492180504
337 0.8006283462459295
338 0.782181362879122
339 0.7795544014103187
340 0.7963669414969418
341 0.7931720373922403
342 0.794753649981133
343 0.8045341346869116
344 0.7902771545709384
345 0.7884129238401977
346 0.7992108352765609
347 0.7930814037664876
348 0.8074945830118367
349 0.8156542923525447
350 0.8217811550175974
351 0.8251439121913573
352 0.8184781916613098
353 0.8235317840824967
354 0.8071233823574216
355 0.7896084271713627
356 0.7817456911250282
357 0.7973046605206552
358 0.7841503505404762
359 0.7925553154742349
360 0.8010272901209641
361 0.7920478023915759
362 0.8044915538234076
363 0.7884366822628414
364 0.7831291751071293
365 0.7662632709723929
366 0.7840743833600087
367 0.7720999919920786
368 0.760153701162828
369 0.7802758128094848
370 0.7507480876987228
371 0.7759298548769563
372 0.7710409565272514
373 0.7770724063841988
374 0.7908198160822608
375 0.7814111193162727
376 0.7987680903372657
377 0.7843889636903206
378 0.8105385003294661
379 0.7957321613588332
380 0.7880452520281613
381 0.806256099180703
382 0.817446043419952
383 0.8221938016476918
384 0.8183063681832986
385 0.8077272442454956
386 0.8038890591548822
387 0.7974934192538076
388 0.8093110682938843
389 0.797619223762478
390 0.8044790169517961
391 0.8070250633264378
392 0.8188161306961902
393 0.7945740289338629
394 0.8018704571740716
395 0.7793465672515522
396 0.7873710026108295
397 0.7886008207965803
398 0.7983044225602841
399 0.797638407945661
400 0.8102425298234035
401 0.8034711121008288
402 0.817262260625698
403 0.8092714202007261
404 0.8148396322951642
405 0.8170613014963027
406 0.8229148530337551
407 0.8135655879893666
408 0.8347939332692452
409 0.8313133991093684
410 0.8362728811092368
411 0.8164685209251042
412 0.8212844704923103
413 0.8242461582736286
414 0.8124982531546351
415 0.8195934276208564
416 0.8166216812167334
417 0.8042077778318792
418 0.8047306516049181
419 0.8125871019570071
420 0.8153670789052754
421 0.8130815136081194
422 0.814884938725565
423 0.8001544962318188
424 0.8127723048045827
425 0.7927541826630399
426 0.8118246341820442
427 0.80871187560816
428 0.7915236040640817
429 0.7621785770834206
430 0.7855294507896544
431 0.786164529633114
432 0.8033167223318968
433 0.8118494572675731
434 0.8162797567756884
435 0.802965359631152
436 0.8037746254295776
437 0.8232127477904135
438 0.8189619896037487
439 0.8187636881928927
440 0.8299362032323013
441 0.8289849157031184
442 0.8071683359190995
443 0.8024989151554993
444 0.807141974242195
445 0.8229967341253636
446 0.8325445839904613
447 0.8236789426969572
448 0.8212203894606135
449 0.8349372995393596
450 0.8242154591771187
451 0.8174174841602815
452 0.829628515139282
453 0.8279792929897035
454 0.8312677141323541
455 0.8344503106197849
456 0.8090833299575215
457 0.8074653470338093
458 0.8093000216817569
459 0.8111281105645428
460 0.8158384820863577
461 0.8175754077440368
462 0.8185851736674213
463 0.8215022179705979
464 0.8377191035535727
465 0.8309042755502866
466 0.817847616177846
467 0.8017514765385633
468 0.7766555594653584
469 0.7965784667374521
470 0.8024460785609594
471 0.8046984495659043
472 0.8125570928459226
473 0.8167117683457383
474 0.8183615741564543
475 0.8217742164018252
476 0.8293262279113849
477 0.8185684879400341
478 0.8134014707784925
479 0.7945633329115784
480 0.7960737504923242
481 0.8114887455865709
482 0.8177425438018052
483 0.811053987818144
484 0.8190310658659589
485 0.8195060784737761
486 0.8116582744750213
487 0.821925500464831
488 0.8178184373140626
489 0.8192254317263292
490 0.8140657744771254
491 0.813275155284008
492 0.8119144414240723
493 0.8106527565876872
494 0.8177533374540443
495 0.8249469537877318
496 0.8239009595000688
497 0.8188359298299331
498 0.8235805969752023
499 0.8143651947119194
N: 900 densidad: 9.0
0 0.035444286299958876
301 0.822770738331095
302 0.8211991153367273
303 0.824387879120731
304 0.8133842492106877
305 0.815933889289711
306 0.8212165469887588
307 0.8144006457963079
308 0.8109842035093092
309 0.8085207193942858
310 0.8066686576562633
311 0.8066967666208792
312 0.8062788965868966
313 0.8000798698427254
314 0.8054275854170402
315 0.8206123737373375
316 0.817413086764282
317 0.8241257305312053
318 0.8252343513893002
319 0.8244450520686799
320 0.820251601179595
321 0.814452716249349
322 0.8230969492720212
323 0.8224495255053605
324 0.8066145947338836
325 0.7960091329947299
326 0.8070490913346658
327 0.7863740553321746
328 0.7907435751674503
329 0.7844646564713346
330 0.7797723936677309
331 0.7828428820232356
332 0.7762277837275057
333 0.7788411098806711
334 0.8037302526761158
335 0.801651275334701
336 0.8134040231618302
337 0.8197290774004635
338 0.826419337228712
339 0.8237665830608455
340 0.8259954427466302
341 0.8270663591207168
342 0.8309146759862435
343 0.8240133413500095
344 0.8309660710759187
345 0.8205308887954215
346 0.8146003491307042
347 0.8204386328301901
348 0.8223157784069506
349 0.8023977551635468
350 0.8073900357076282
351 0.8211443847888795
352 0.7986022638911157
353 0.798693245803534
354 0.7891344461232274
355 0.8044893803160994
356 0.7903772124325137
357 0.7881767404438921
358 0.792962759694628
359 0.7973221301245736
360 0.8094952750572212
361 0.8070788637383132
362 0.8114504133405789
363 0.8182464744694243
364 0.8258928389132448
365 0.8067121179510197
366 0.8155506587701773
367 0.8271731717328096
368 0.811636578139508
369 0.8023435734984766
370 0.8194625562694117
371 0.8212107583719896
372 0.8186750555104245
373 0.8171000061724547
374 0.8281261059813829
375 0.8225330310485851
376 0.8170846185056605
377 0.8102585831500655
378 0.79975468970207
379 0.8014242664209534
380 0.8162335685841742
381 0.8202889299684081
382 0.8253042521551557
383 0.8150581055088976
384 0.8049121890488778
385 0.798644658334912
386 0.8012450432245443
387 0.8017104733779193
388 0.8120184685076813
389 0.8326850311016019
390 0.8314579576686989
391 0.8195347362282592
392 0.8104341883522161
393 0.8026478764869774
394 0.8250169390110733
395 0.8280125127588026
396 0.8267826775948911
397 0.8157732618460614
398 0.8166264187821716
399 0.8209106402385923
400 0.8223778278547683
401 0.8258152460955691
402 0.814899240014329
403 0.8111691388808568
404 0.8199837826781943
405 0.8126352814922743
406 0.8243100719370174
407 0.8150898167289888
408 0.8156592436690742
409 0.8103571328219913
410 0.818810278040904
411 0.8128816172537263
412 0.8086651228407052
413 0.8135462236862198
414 0.8108708471025237
415 0.8273503881106931
416 0.8099940583604293
417 0.8127753248234785
418 0.8214906346208712
419 0.8208614198371982
420 0.8251650553369566
421 0.8310385501272959
422 0.8408896512994762
423 0.8269995659570489
424 0.8202624978336313
425 0.8258359949301975
426 0.7990185779630613
427 0.7945399330428761
428 0.7963635672790198
429 0.8143036940582364
430 0.8017225235574297
431 0.7961167018012396
432 0.8019886446846107
433 0.8125758148143832
434 0.8085750454777036
435 0.8094584232162563
436 0.7948731122326544
437 0.8075182779208072
438 0.8115450095319545
439 0.813978933468924
440 0.8145254260449192
441 0.8175610253291886
442 0.8218083973897984
443 0.8067692750678769
444 0.8136214988599195
445 0.8062240257996462
446 0.8115988463764794
447 0.8075126014306706
448 0.8202086411533135
449 0.8178867609654477
450 0.8093401467598766
451 0.8179377772758497
452 0.8113841766533376
453 0.8043379739113663
454 0.7953362688219867
455 0.770765371285691
456 0.7821617266119766
457 0.7943171827931182
458 0.8159640575869708
459 0.8083582898723862
460 0.8035644882815858
461 0.7951363973463211
462 0.7904273622305175
463 0.7830278392655733
464 0.797903105393509
465 0.7882736819551527
466 0.8168272251813998
467 0.8174583704273388
468 0.8078748442251553
469 0.8206645391167956
470 0.8070288879309229
471 0.809861742035138
472 0.8098319653393619
473 0.8100797072452333
474 0.8096645880923383
475 0.8077049194371314
476 0.8192376746004569
477 0.8134281680471201
478 0.8070759743159074
479 0.820102449945442
480 0.8226229424990966
481 0.8144120997310095
482 0.8155133158538077
483 0.797413984425888
484 0.7953547265928275
485 0.7785567520536913
486 0.7739864351207657
487 0.7896286725348943
488 0.7849199143459595
489 0.7701673428274859
490 0.7774378477226721
491 0.7802528819173702
492 0.7719160582626999
493 0.7972527812294655
494 0.7816948376479111
495 0.797227322168919
496 0.8015754632638062
497 0.787616934794927
498 0.770276287222105
499 0.7799960719386502
N: 1000 densidad: 10.0
0 0.021716229396026653
301 0.833411942037748
302 0.825112572616164
303 0.8310603667918174
304 0.8153516350895178
305 0.8225215857602265
306 0.821742945927968
307 0.8258914922265029
308 0.8252039723580794
309 0.8233969561908719
310 0.8367071641196857
311 0.8270324646496329
312 0.8180795744856721
313 0.8112588510207985
314 0.8066295574376922
315 0.8117928495920407
316 0.7819275546682944
317 0.7915064547619074
318 0.790078112938665
319 0.7894309730402338
320 0.7982083842671328
321 0.786317666232651
322 0.7942960143443113
323 0.7834142360481999
324 0.7702932600613299
325 0.7739682509759532
326 0.7826699058040506
327 0.7734345112224962
328 0.7813602460665977
329 0.7766297716327653
330 0.7554004184647837
331 0.7667559995898241
332 0.7719201783238268
333 0.7746997167921582
334 0.7673235712039628
335 0.7848022024419941
336 0.7942118898581826
337 0.7889437396243187
338 0.805067320715792
339 0.8092059649873696
340 0.8002232576818354
341 0.8095741279790006
342 0.814106037496582
343 0.8119350065040454
344 0.8133724715913174
345 0.8124030299922385
346 0.8141619906987819
347 0.8032443045930991
348 0.8047242998973327
349 0.7970586286353581
350 0.7907893514336308
351 0.8015977111071305
352 0.805262404199146
353 0.8179418158473694
354 0.8168133004789647
355 0.812503420775038
356 0.8112679501180168
357 0.8160407048704859
358 0.8210979204353747
359 0.8173026582059563
360 0.8126207864348054
361 0.8187453752491058
362 0.8191023100942146
363 0.8190071328927985
364 0.8178616462525528
365 0.803848343527719
366 0.8001109892851096
367 0.8091178704487308
368 0.8116129249868032
369 0.8240410242977958
370 0.8201332111505798
371 0.8072775972346514
372 0.8032724822651098
373 0.798307573998186
374 0.7993524352558726
375 0.7997299331258146
376 0.8028802526407988
377 0.7901612044544478
378 0.7726038519280983
379 0.7722008365749996
380 0.7803790402188764
381 0.7802582879427251
382 0.7859578689190371
383 0.8059941950201852
384 0.7950468929438572
385 0.7966932233625861
386 0.7997260084288806
387 0.8081685529132211
388 0.7952551440895963
389 0.8042570074632921
390 0.7968444951557633
391 0.8045419460017024
392 0.799967192097035
393 0.7947241557730409
394 0.8065571014380536
395 0.8031712155679475
396 0.8095295981954548
397 0.82611068247705
398 0.8338757217434714
399 0.8269019260839052
400 0.8260415857051794
401 0.820088066205036
402 0.8181998349347922
403 0.8206241769968147
404 0.8151784828899469
405 0.8191085752374634
406 0.8028821106540751
407 0.8203851167028039
408 0.8168060368047129
409 0.8176124427792321
410 0.8268086148863358
411 0.8213491604019288
412 0.8187533196905467
413 0.8218986752347881
414 0.8317823140084973
415 0.8336983006824398
416 0.8249514041507742
417 0.81155919255036
418 0.8187178031035628
419 0.8256167869657086
420 0.8108079122860338
421 0.8083771912500162
422 0.8064966104192304
423 0.8168479429330415
424 0.8060107284310817
425 0.7946826405559964
426 0.8073588948486253
427 0.8095583660080797
428 0.8144916723014901
429 0.8155045207263675
430 0.7973208357321168
431 0.7901657308822956
432 0.7844856015760049
433 0.8011282747717594
434 0.7939437650342037
435 0.7990398814157481
436 0.8067394383020784
437 0.813717351791129
438 0.8154360327447419
439 0.8096306028158424
440 0.7968185374178997
441 0.8062574006595175
442 0.8127791335631527
443 0.8226176200195723
444 0.8256035307614432
445 0.8159885541100749
446 0.8114357942648013
447 0.8053147820242444
448 0.8113742057570893
449 0.8124326455080955
450 0.8177296324243346
451 0.8212336885145509
452 0.8106156785966895
453 0.8113693502880033
454 0.805181706720046
455 0.7963362188256579
456 0.8017369936368877
457 0.8028384360510341
458 0.7959981963534414
459 0.8177312881214732
460 0.8262418130137876
461 0.8198869122477607
462 0.8027876856117709
463 0.7955469314721768
464 0.81214535984745
465 0.810029086257204
466 0.823701709459582
467 0.8151695475266935
468 0.8036669887344254
469 0.8107996234581372
470 0.8199023605021462
471 0.8148340514856263
472 0.8271177662741668
473 0.8238871604181937
474 0.8180205571345797
475 0.8094599123399249
476 0.7997659500216784
477 0.7983039891937405
478 0.8064088626279855
479 0.7818782114386573
480 0.7813685869011611
481 0.7775417492625735
482 0.7940508717722958
483 0.7899636998436963
484 0.7763351733033995
485 0.7860120531315858
486 0.7912004445790167
487 0.7862132746644315
488 0.7690602062594465
489 0.7750147024377938
490 0.7853125408551646
491 0.8092929351714342
492 0.8057892075675586
493 0.8004124692945556
494 0.7986179366796031
495 0.7880293053546358
496 0.8097898218942648
497 0.8156471053822891
498 0.8126683682948035
499 0.8243005339044455
