N: 100 densidad: 1.0
0 0.09235087066303072
301 0.4380215412149273
302 0.4059445976316056
303 0.39016439523476826
304 0.31482366658727184
305 0.357345073535644
306 0.37064359213981835
307 0.4163333435985908
308 0.4529982491812845
309 0.4226881942473779
310 0.39080197654191434
311 0.333410461343918
312 0.3324347155656079
313 0.35256019238693015
314 0.3478853527390587
315 0.3377409627415055
316 0.3489352423539182
317 0.3946622931222252
318 0.2960151944327528
319 0.2798515727012672
320 0.2258897720342051
321 0.20256467626112984
322 0.17915372833427637
323 0.20692376709479657
324 0.25358831742412713
325 0.26224715633136103
326 0.28286244013567335
327 0.3595185167706392
328 0.36281943655817855
329 0.32186686090769606
330 0.3615146937110198
331 0.373387676825107
332 0.2716618315431959
333 0.2886386538734166
334 0.26392234946905774
335 0.31540029179232765
336 0.4568493814413372
337 0.49049372357321935
338 0.5303149619528359
339 0.5637672315110048
340 0.5722578356067937
341 0.5020797637933471
342 0.5240076472147576
343 0.5853538732216185
344 0.48668904798937535
345 0.4376219591236814
346 0.43638175664530904
347 0.5345166500880248
348 0.5220298075307636
349 0.5248047011293447
350 0.4695228791818131
351 0.5402555391048318
352 0.5451127081127081
353 0.5158281525300615
354 0.5083991660012374
355 0.4649548816797399
356 0.5117323193664458
357 0.47656501033262094
358 0.46855479064120015
359 0.4916105059584579
360 0.5246324701872027
361 0.4497142396333064
362 0.4644052030797657
363 0.4599044979153883
364 0.5002124485991702
365 0.5483920100135292
366 0.5189113419432824
367 0.5396372817111709
368 0.49785222775885335
369 0.5017639900911609
370 0.47743706430458416
371 0.4861844321848298
372 0.48810818573642334
373 0.41856684535186867
374 0.4553363485638949
375 0.4857203928917914
376 0.3953504756290285
377 0.41807964359288136
378 0.34797495210116836
379 0.26650057775436475
380 0.2791284904955679
381 0.27597363846427947
382 0.22389169712471582
383 0.15527734444112182
384 0.1586156300824258
385 0.14986160141724705
386 0.21165161499194518
387 0.29899408004606814
388 0.40417187047587017
389 0.37151727958020925
390 0.405494712766171
391 0.32507641008006277
392 0.2881487613365928
393 0.2494386612908304
394 0.25868005691698187
395 0.328878481496171
396 0.30651890287503053
397 0.39989675617804826
398 0.483076644196423
399 0.4935586920093437
400 0.6148966053260463
401 0.5939431560154459
402 0.5406835115595202
403 0.5205099629110307
404 0.5208089268307533
405 0.571079844447126
406 0.6049268514363509
407 0.6308076760868605
408 0.6024279532621494
409 0.5243223150403256
410 0.596696224704395
411 0.5685949944632663
412 0.5886293990277135
413 0.5811510048324638
414 0.5936810417978574
415 0.5136329892934074
416 0.37020689888158326
417 0.3591022254294825
418 0.3399625482707727
419 0.29038287713030925
420 0.2542097832114662
421 0.21951946677005751
422 0.21550836387711436
423 0.20415669542367784
424 0.3072120459328816
425 0.27543068941365834
426 0.19505753845290616
427 0.1512127229341634
428 0.23459267273006998
429 0.24644736851594284
430 0.3011624087349049
431 0.36173443589446497
432 0.3175587939182449
433 0.348909742388922
434 0.3623225795551514
435 0.36283340091502986
436 0.340154447730837
437 0.30754119127004625
438 0.218894283124603
439 0.17332165631824226
440 0.2571721755380802
441 0.25572491450395957
442 0.3189209280924781
443 0.2925550255210523
444 0.3378529072988255
445 0.4406256282567436
446 0.4051092642413814
447 0.37027393844095924
448 0.3375988549111722
449 0.3236853405156821
450 0.37246030218950393
451 0.34918231360836915
452 0.29509162801733874
453 0.3319326152764392
454 0.32683785207925686
455 0.3371551275763531
456 0.35614914957703586
457 0.34822486292816107
458 0.37852339372469607
459 0.36512369372943326
460 0.43271431243687336
461 0.5372454340116717
462 0.4885903150911947
463 0.43824745872360077
464 0.4217761538840183
465 0.5155301960065256
466 0.48558238987821295
467 0.4657930987958588
468 0.444216609208361
469 0.4575246354807083
470 0.47796343997770746
471 0.4872901014525035
472 0.5004646524144969
473 0.452441141003254
474 0.472756933414824
475 0.45589252471698355
476 0.4414540016218873
477 0.44104033123976505
478 0.4312805054617974
479 0.44588273757001096
480 0.5018315827708498
481 0.5511171166419129
482 0.48676194774475484
483 0.44702898421735454
484 0.42229190123630006
485 0.2786058770813118
486 0.3454569924195106
487 0.3500803670032029
488 0.2359228156742863
489 0.2760530942609407
490 0.30790345105597056
491 0.26039900795369236
492 0.27569872402932516
493 0.3416475758502113
494 0.3996234744596317
495 0.3400917475398959
496 0.28959969562818666
497 0.2565386566255291
498 0.2781938282366279
499 0.35100627055768374
N: 200 densidad: 2.0
0 0.03873242436556675
301 0.4596996155446839
302 0.4781992084988946
303 0.5007292149003492
304 0.443682078524738
305 0.4277465350176178
306 0.4199562827120562
307 0.4185582744358293
308 0.40035336349693806
309 0.42008256842721314
310 0.4114798218992041
311 0.43945660327909075
312 0.37136126100734956
313 0.39565433602306604
314 0.39038757371009786
315 0.3826496628807116
316 0.37751307270654416
317 0.30894829710161575
318 0.41977205143060187
319 0.4365427110298195
320 0.44128269610236254
321 0.43401592521454657
322 0.46493174956066124
323 0.46775418151285386
324 0.42201977854716405
325 0.33800052282746273
326 0.34689049827876867
327 0.2842610230848847
328 0.27809628877577586
329 0.2996121741841274
330 0.2793805551572713
331 0.2438997308332326
332 0.24782757995959317
333 0.3115517957538334
334 0.3476474770717628
335 0.25473191697978875
336 0.35836660074307497
337 0.44163235392476263
338 0.4927147268999672
339 0.4945320555618064
340 0.4524077934013235
341 0.4679272069307325
342 0.4754283234541638
343 0.4507586326080866
344 0.42830161994456595
345 0.41592397676181214
346 0.4874719209141795
347 0.5050586263582587
348 0.5187618720827744
349 0.5133996373592505
350 0.5082732967793859
351 0.47844016456384936
352 0.4723863841911846
353 0.48385633516409704
354 0.4538590187289003
355 0.4795745821146577
356 0.5660530068762325
357 0.6086287464900325
358 0.5964855630764357
359 0.5943628625410596
360 0.5522704566779185
361 0.5045605519318112
362 0.4947809104673695
363 0.5742997154557674
364 0.573334503572693
365 0.5859558163063241
366 0.6036060437941703
367 0.6519711206863118
368 0.7006535437603358
369 0.7188580414266279
370 0.7039040791589101
371 0.729433224884879
372 0.7183079614484704
373 0.6664200869047489
374 0.6264753066246391
375 0.6375200351303872
376 0.6246849200724541
377 0.6124497193136075
378 0.6592377284032063
379 0.5907052621613967
380 0.6430743624803658
381 0.7254956887965854
382 0.7296776662668506
383 0.7571418695148134
384 0.7536785914117751
385 0.7607833951636472
386 0.6967469612564156
387 0.6913417474966966
388 0.6532949610298335
389 0.6623989633308475
390 0.6328845702564058
391 0.6671915058948795
392 0.6690627472921165
393 0.7110241077149326
394 0.6726099495574899
395 0.6549916579605074
396 0.6836878279438251
397 0.7115691834742545
398 0.6841837303506293
399 0.6355482158849165
400 0.6069449069605873
401 0.7208176234145766
402 0.7353706715375957
403 0.6749689439837727
404 0.6994345629471749
405 0.7019149766186255
406 0.6905265248627881
407 0.6685930258126022
408 0.6624138869546156
409 0.7275347961773195
410 0.7411447455896489
411 0.7350314991764354
412 0.7932539940288398
413 0.774932789017098
414 0.8032823851609202
415 0.8072548284113359
416 0.7929212102254563
417 0.7859850490221536
418 0.7683534249965042
419 0.8113906912526255
420 0.7922088667432519
421 0.7889020432873619
422 0.7829080434509481
423 0.807556344507632
424 0.7815445425147224
425 0.7696932949055341
426 0.7647902873616211
427 0.7621263943211192
428 0.7467812626728293
429 0.7355712657674774
430 0.7107958347494496
431 0.7186832989670253
432 0.7561825520219451
433 0.7637583987990534
434 0.7817588140910897
435 0.753788949163687
436 0.7983663019641449
437 0.786968477135107
438 0.7923509524171385
439 0.7943805116711292
440 0.8048100750747436
441 0.7775164698494619
442 0.7647513489963013
443 0.7508968233587736
444 0.7543109765664884
445 0.7349464036333697
446 0.7117975301390022
447 0.7372592608170095
448 0.7275800107096289
449 0.756576894305526
450 0.733533566795275
451 0.7145181764819464
452 0.7363088479041058
453 0.7422864431312995
454 0.7382006307065486
455 0.7206261391783045
456 0.7453890564071831
457 0.7227672442650716
458 0.7276056753226814
459 0.7743099806486993
460 0.7723457899917991
461 0.7574544327169906
462 0.7304064432570126
463 0.7509951250503014
464 0.7769560191927415
465 0.7951785199448764
466 0.7847124309843988
467 0.8018076367904158
468 0.7972365145890449
469 0.8099624583553631
470 0.8117790940721262
471 0.8289111108487351
472 0.8468650318806099
473 0.8274226458480342
474 0.7972239331669337
475 0.8081106131411683
476 0.8348316804412255
477 0.793675535552608
478 0.7927903980238659
479 0.7713918379346011
480 0.7479035696717143
481 0.7780078535815403
482 0.8011027420412304
483 0.760031528417417
484 0.7816413344875364
485 0.7439879774162864
486 0.7440101342991564
487 0.7290899874667606
488 0.7584647520396174
489 0.7497279228169976
490 0.7565574917283456
491 0.7564107428114183
492 0.7826431189743651
493 0.7414859095300566
494 0.754750380101568
495 0.733858996144368
496 0.75451732328693
497 0.7378251710749484
498 0.7147420002288672
499 0.7525575770834644
N: 300 densidad: 3.0
0 0.06948654403169852
301 0.7899180831133097
302 0.7474886343415524
303 0.72445906691198
304 0.7485387144067273
305 0.7306240361000893
306 0.726132132163962
307 0.7568799302653315
308 0.7726692701959006
309 0.7589930806072386
310 0.7133876503797525
311 0.7036891576660061
312 0.696690231609323
313 0.6558454983358959
314 0.6365528001265983
315 0.7014168549187121
316 0.6816667104481601
317 0.6872450375066171
318 0.7056594519717097
319 0.7329106327298455
320 0.7688103299866996
321 0.7354386459163255
322 0.7414936673895064
323 0.7286261875160931
324 0.7432199184095184
325 0.775779829936138
326 0.7414612197675927
327 0.7759393883457842
328 0.7600226406687818
329 0.7519115180389033
330 0.7286576323462518
331 0.6941633803309505
332 0.7156206776736851
333 0.7262428571609229
334 0.6905191372562156
335 0.7678476648343785
336 0.7321556682976592
337 0.7262740447183305
338 0.7390667547091594
339 0.7216295860778907
340 0.7619433871346182
341 0.7574441261141918
342 0.7621993255322612
343 0.7417823970814159
344 0.7474745768047231
345 0.7371427329854856
346 0.7150587971847234
347 0.7071704979087708
348 0.6847811816399776
349 0.6628892733105594
350 0.6949937545619053
351 0.6922675702620478
352 0.7061313680278611
353 0.7549918162575481
354 0.7156451738347549
355 0.7432228633081287
356 0.725307340581709
357 0.7439879931640752
358 0.7867377761360842
359 0.7558178833528033
360 0.748309095898681
361 0.7406167479140111
362 0.7335669244027472
363 0.7480499568075542
364 0.7637140548023859
365 0.7659579174167344
366 0.7265577042921346
367 0.7629563350141922
368 0.7769136016786338
369 0.7775914290388269
370 0.7548027405408693
371 0.7693723098249817
372 0.7554831360562199
373 0.7568149299389068
374 0.7476376593710901
375 0.7582769261941246
376 0.7869705442106779
377 0.7825190546731697
378 0.7969549327429573
379 0.7773948140751854
380 0.7896500642256535
381 0.7811438273143158
382 0.7623430428952155
383 0.7757741848013776
384 0.7698772293036305
385 0.7395777598625572
386 0.7489905869348561
387 0.7302280979641875
388 0.7342121161683316
389 0.7259557603904319
390 0.6972061308686359
391 0.7210427318847265
392 0.6883009424269941
393 0.6878509430471023
394 0.6927153135591859
395 0.6586602042233668
396 0.6424419602969135
397 0.6126978935943328
398 0.6117418358995828
399 0.609486213895992
400 0.6628170087304457
401 0.6568497998893182
402 0.6940222827332191
403 0.6642194191263394
404 0.6687673671628839
405 0.7165543295862689
406 0.7147786415350034
407 0.7222239305998929
408 0.7323975198121245
409 0.7520898236423551
410 0.7585060583912012
411 0.7457973381337419
412 0.7576623126373754
413 0.7510741843180895
414 0.7781403563840621
415 0.7835626773704014
416 0.7928999336216831
417 0.8032993702777483
418 0.7924690299683095
419 0.7967095189260935
420 0.7769987552174853
421 0.7634730977893331
422 0.7206264604303284
423 0.7013559936370113
424 0.6815104954228121
425 0.7106297987779224
426 0.7349182480791484
427 0.7676044560971582
428 0.7656894170903986
429 0.7836680561965531
430 0.7807158746708027
431 0.7611750131321597
432 0.7302628711660856
433 0.7685612136568031
434 0.7815986438857823
435 0.7634142051045036
436 0.755350342125987
437 0.7562804343513749
438 0.7770052112024711
439 0.7715429820285821
440 0.7998855231868128
441 0.7801015054232949
442 0.742321355454385
443 0.7467774273074758
444 0.739992311712546
445 0.7270793602281869
446 0.7722361771532237
447 0.7907677100057089
448 0.7919338136937475
449 0.7851567378842466
450 0.7466539519800146
451 0.7266569427820802
452 0.7374052053617124
453 0.753758582319898
454 0.7304832398829985
455 0.7506747495776651
456 0.7332029778361184
457 0.6913250412957747
458 0.6700650344675912
459 0.6920323608446243
460 0.695569137299954
461 0.6531327665018271
462 0.7014191776935034
463 0.6763575717714737
464 0.6959905723020917
465 0.7606614654398192
466 0.7570215414894663
467 0.7565345167430932
468 0.7071690868090659
469 0.7297678762831722
470 0.6749161387708607
471 0.5631501482604423
472 0.5474159899358301
473 0.5708598172327068
474 0.5867225086301424
475 0.5782626650224717
476 0.6148964904125784
477 0.6285979953098615
478 0.6149306692177521
479 0.6091772314722318
480 0.6191661068671865
481 0.5581747978426257
482 0.5732476706188034
483 0.6022381423286418
484 0.625928319101635
485 0.6237056845219547
486 0.706780239667261
487 0.6820207789775855
488 0.7021434710106091
489 0.678516654688765
490 0.6443144601299842
491 0.6042661801426531
492 0.631390148873407
493 0.6564283762941644
494 0.6972733891543732
495 0.6902420842753735
496 0.7105910541441748
497 0.7040526022213733
498 0.6927267637078149
499 0.753924436870112
N: 400 densidad: 4.0
0 0.055293882095655465
301 0.7406015125688555
302 0.7355013440845103
303 0.747795714716215
304 0.7307758371188401
305 0.7229120985556098
306 0.7314799313693978
307 0.7016465443826
308 0.7029343549363611
309 0.7167828687220289
310 0.737572125981627
311 0.7303412935962594
312 0.7573526419206879
313 0.7480933071367284
314 0.7352392551929161
315 0.7357241286816882
316 0.7592860808955436
317 0.7760069096179057
318 0.7879106904169939
319 0.7329351889786601
320 0.757236142948157
321 0.7374703750304229
322 0.7447684980609041
323 0.7766616192003107
324 0.7769935480620638
325 0.7706742414014438
326 0.8155934426883288
327 0.7942584929001163
328 0.8098803699114132
329 0.8194882833923329
330 0.821375130976989
331 0.8355761858187463
332 0.830559353902974
333 0.8151093673864603
334 0.8148304977955753
335 0.8082837248485103
336 0.8079485627094187
337 0.8097148323505108
338 0.828248606612238
339 0.8095956521591924
340 0.8154584608497825
341 0.8381709029964516
342 0.8307876941591088
343 0.8218551976870389
344 0.8192847310059953
345 0.8465278316798726
346 0.830139312673836
347 0.801438930638347
348 0.8243952425409717
349 0.8136659367587594
350 0.8191894313814664
351 0.8062083846448941
352 0.8066660183169684
353 0.7988951990521609
354 0.8080138912842009
355 0.7996230325019043
356 0.8079130653670133
357 0.8130587740830658
358 0.8028895921326544
359 0.7599138401180044
360 0.7756505338589678
361 0.7739552533450613
362 0.7941174356436785
363 0.7976103982584385
364 0.7778791090179706
365 0.8124508980922144
366 0.7789277120493625
367 0.7895524590493475
368 0.774916868354644
369 0.7628074865633857
370 0.7771901338532957
371 0.7933730060765684
372 0.8106844330561224
373 0.8094860929177911
374 0.8234672316788663
375 0.8106638298277525
376 0.7823355619958434
377 0.7973805779762729
378 0.7823117921122562
379 0.8255488724675558
380 0.7911909325265284
381 0.8112033563846271
382 0.7900382922666241
383 0.7700652205992325
384 0.7877344300166941
385 0.7979408085535171
386 0.7978014057170392
387 0.7954611194588409
388 0.7815495352263918
389 0.812590516861925
390 0.8041400718594177
391 0.7993615863288253
392 0.793452697478017
393 0.7964481206735265
394 0.807139411216032
395 0.7990527923896478
396 0.8055415442058087
397 0.7881118916500508
398 0.7945738513533699
399 0.7961398259967313
400 0.7973095552300776
401 0.8040925887765273
402 0.8048835563121987
403 0.7866384152133521
404 0.790987209659063
405 0.8005625184966162
406 0.8262873540208582
407 0.8314377049137759
408 0.8234202305624164
409 0.8100658109303068
410 0.7906941592249371
411 0.8000275465675974
412 0.7717908738115322
413 0.7765908114294143
414 0.8176376181654536
415 0.8006773625327565
416 0.7928135056391441
417 0.7762630736363021
418 0.7847284585950157
419 0.8019073057769313
420 0.7948027210431028
421 0.811461744151457
422 0.784644893087162
423 0.8167540732367565
424 0.8080751659281765
425 0.8072539120783047
426 0.8252133979527613
427 0.8034477518683162
428 0.8059796176280484
429 0.7994265453166505
430 0.8109798634688197
431 0.8193560136933072
432 0.8047444348806846
433 0.7994754763487758
434 0.8232271691835263
435 0.8306592625643531
436 0.8276317171768026
437 0.8325512113518635
438 0.8281427583498499
439 0.8143867679293814
440 0.8055656932974848
441 0.8200349857958691
442 0.7916214630423952
443 0.7860997584036866
444 0.7787281200971687
445 0.7842253263482473
446 0.7973895518210526
447 0.8064232961872694
448 0.8084995952420714
449 0.8060054241561702
450 0.8045557449453451
451 0.8027962051183885
452 0.7720934169295192
453 0.7599701767720033
454 0.7651365877950004
455 0.7389101473684844
456 0.7387579404390904
457 0.7494221844713165
458 0.7378009921993649
459 0.7376228314813661
460 0.7729857117973378
461 0.7989152801460216
462 0.7949825148749095
463 0.8156631794745847
464 0.806562824176441
465 0.8207002471790693
466 0.8293219838218963
467 0.806699464252073
468 0.7794123335506788
469 0.7836431127165392
470 0.7820207654907628
471 0.7559441771891394
472 0.7579775533717176
473 0.7632876925062004
474 0.7614331333120227
475 0.7682373525999338
476 0.799004454924077
477 0.7705003885977167
478 0.7861453765990877
479 0.7855695175790444
480 0.7561636985437588
481 0.7977168714493256
482 0.749065314973356
483 0.7569028117110334
484 0.7780617448271268
485 0.7714307279886371
486 0.7899318122618912
487 0.788721988351659
488 0.7808483345312619
489 0.7918461653208277
490 0.7953488639543876
491 0.8163417096901511
492 0.8118468892940153
493 0.8100843847491758
494 0.8150975105151498
495 0.8171961254199974
496 0.7998949111014366
497 0.8094662102818275
498 0.796171455496836
499 0.802905435558503
N: 500 densidad: 5.0
0 0.047004919310143736
301 0.7360495468453525
302 0.7322039476680829
303 0.7708350045040767
304 0.7583794644423624
305 0.7614969788003295
306 0.7913029025263757
307 0.7867833473974654
308 0.7713594788035121
309 0.7873096152862757
310 0.8081177578890568
311 0.8023595486210781
312 0.7889550795609908
313 0.7394300358152857
314 0.7406815729311105
315 0.7747898181583351
316 0.7898282213682936
317 0.8022406559989439
318 0.7858364592759275
319 0.7894151076747344
320 0.7913651656612821
321 0.7754981695948796
322 0.7764461159186534
323 0.7790749672542011
324 0.7889039255370286
325 0.7745358137435472
326 0.766310827061896
327 0.7676963553686923
328 0.774277169693979
329 0.8272027339150384
330 0.8120324561591349
331 0.7997402760598652
332 0.7925099750349527
333 0.7726902033089788
334 0.75853107714248
335 0.7700131396289009
336 0.7521472625564447
337 0.7518750332750713
338 0.7841054313189411
339 0.8140813998314095
340 0.8170492459117352
341 0.7865522705430152
342 0.78226315593123
343 0.76429588353349
344 0.788512760025436
345 0.780442535281739
346 0.755703189029838
347 0.7628803466061256
348 0.7731082866926763
349 0.7647304953628674
350 0.7796489653503671
351 0.7815930049161416
352 0.7975604626212611
353 0.7932290963549866
354 0.8034152578843251
355 0.8131193031703048
356 0.8088591536688483
357 0.8023771576970832
358 0.7957251244821286
359 0.7994594607384179
360 0.7946643978812814
361 0.801510182587522
362 0.7861279791023345
363 0.7863252345072403
364 0.808056424311172
365 0.8142835174440205
366 0.7821987596079096
367 0.7517845243304394
368 0.7619469377278918
369 0.7745150612017794
370 0.7516353186937696
371 0.7562411213614814
372 0.7275221941999043
373 0.7380637378453891
374 0.7824792016984852
375 0.7648477688284635
376 0.7416076833676908
377 0.7512452060303255
378 0.7630017140270497
379 0.744261895840049
380 0.727618169189221
381 0.7285859195711047
382 0.7465692542621623
383 0.7250025123131748
384 0.7664893530498297
385 0.7720098921593445
386 0.7623703620177841
387 0.7801219672368748
388 0.7854838312387195
389 0.7602938783394
390 0.7677242223972712
391 0.7695449766428001
392 0.8122964573455372
393 0.766056515371946
394 0.7838703619005134
395 0.7742849771843325
396 0.7639584696636216
397 0.7644440001091729
398 0.7504848599758681
399 0.7468601877330686
400 0.7404373043095202
401 0.7298942467772676
402 0.7185930943699316
403 0.7128076698527194
404 0.7176430510309761
405 0.7478184013081458
406 0.7715046183919644
407 0.7394489996475057
408 0.7474623976530469
409 0.7551994822111303
410 0.7292847748918
411 0.6985324713017416
412 0.7276971944066665
413 0.723519495305044
414 0.7312500924391726
415 0.7536868723097354
416 0.7684031290537193
417 0.7764710556735143
418 0.7563933977680414
419 0.7684421910597177
420 0.770831073648558
421 0.7400475910622167
422 0.7579935826393648
423 0.7339310689580145
424 0.6991109697634293
425 0.7292088520038589
426 0.7075870423433704
427 0.6812334471225227
428 0.6524499932416171
429 0.6438225406022595
430 0.6440317482213584
431 0.6638944586846854
432 0.666469331402272
433 0.6984695230445406
434 0.6904952403670397
435 0.6996835767926134
436 0.7238369668243513
437 0.708265406877418
438 0.7114740101050899
439 0.7363789186654709
440 0.7367699867229853
441 0.7198252913617229
442 0.7330120548420342
443 0.6948646462075985
444 0.6815036742493015
445 0.7175436231082856
446 0.7148481924063445
447 0.7292049161368863
448 0.7478094586679435
449 0.7185619718935851
450 0.7250846250317378
451 0.7165132524746518
452 0.7193436436669877
453 0.7145704502248871
454 0.740878606940156
455 0.743984563745607
456 0.7307033208056503
457 0.7425441180875959
458 0.7703996554518624
459 0.778174454663312
460 0.7647252561218448
461 0.7604999038074031
462 0.769185563459972
463 0.7483323106756378
464 0.7490298760251913
465 0.7358010593687224
466 0.7386492597110998
467 0.7459401907425838
468 0.7417347514613907
469 0.7353178517155775
470 0.7261298557204108
471 0.7159544117179667
472 0.7348239141155283
473 0.7486073330927696
474 0.7247775675740141
475 0.7276508457260824
476 0.7442385845438605
477 0.7324023134962128
478 0.7271028999339532
479 0.7179692296802044
480 0.7032762373682011
481 0.7196136235323929
482 0.7221473969484821
483 0.6864776474275245
484 0.691248603120497
485 0.6551788364832767
486 0.6831846240547716
487 0.6238730600112387
488 0.6795198032261409
489 0.6972041579307913
490 0.6963990793237608
491 0.6640592225086003
492 0.6225250800126773
493 0.6735707444834201
494 0.6833326778482771
495 0.6602247204849898
496 0.6605407770244291
497 0.6208423142841288
498 0.6395454468023803
499 0.642102275706511
N: 600 densidad: 6.0
0 0.010350171350935609
301 0.7785667604183413
302 0.798907502105966
303 0.8088779644462787
304 0.7999950997621386
305 0.806156396984806
306 0.795930795831401
307 0.8096170411324338
308 0.8026063616656484
309 0.8054439192350185
310 0.7986938915787595
311 0.7798195888379347
312 0.7468451274394943
313 0.7435814590693124
314 0.7471562132635668
315 0.7741943596076543
316 0.7696383536486358
317 0.7713129159312229
318 0.8008523439794527
319 0.7816209602697239
320 0.7978094565699966
321 0.7802123370228994
322 0.7997993520915723
323 0.799620816706065
324 0.798604291339627
325 0.8134932274684844
326 0.7967049156533079
327 0.8114833384977098
328 0.8043374168674792
329 0.8079836679667906
330 0.7642605666981771
331 0.7947647129425789
332 0.777416791541383
333 0.7837974737755363
334 0.7897722776642343
335 0.786511686883091
336 0.781559587865762
337 0.7813632361405416
338 0.7783583958442392
339 0.7822288925062886
340 0.7752602359630087
341 0.773982397837682
342 0.7528277312200441
343 0.8014939017275271
344 0.8012652676122445
345 0.8090200254689727
346 0.8212916140165252
347 0.8123170807653308
348 0.8118121088621764
349 0.8086230425099603
350 0.7988557857382232
351 0.774175261477919
352 0.778629173804775
353 0.8040360690290734
354 0.8109835516433268
355 0.8159484268787254
356 0.7985098457898104
357 0.8113527946768232
358 0.8186923669188297
359 0.8017941656971038
360 0.796297817042426
361 0.7875035493294205
362 0.7907007272009419
363 0.8097028196552437
364 0.7980203559188582
365 0.807516621015517
366 0.8019799377343136
367 0.8083048353729279
368 0.8144801206703925
369 0.7985556331354604
370 0.7892684964585998
371 0.8054564025521798
372 0.7890167166121971
373 0.773718405857712
374 0.7842300056995702
375 0.8102213921726196
376 0.7913676543607019
377 0.7659542421532648
378 0.7990372341864526
379 0.7929127629266991
380 0.7832575181794907
381 0.8049077562067697
382 0.8078869280672691
383 0.800651001257811
384 0.8022395299651184
385 0.7982313471833444
386 0.8071019186690414
387 0.8096921763242733
388 0.8068791858556453
389 0.783765169329366
390 0.7842289877088873
391 0.7795449469979293
392 0.8004916340366282
393 0.8048390106627364
394 0.7895211384140544
395 0.7983058623572862
396 0.7849370373495581
397 0.8086947631446688
398 0.8250777661777237
399 0.822214091485821
400 0.7733620902455494
401 0.7343840128423923
402 0.7382444235443124
403 0.7449247738776862
404 0.7514721471379344
405 0.7384760139058614
406 0.7113151475138837
407 0.7060331692710659
408 0.7224432788162133
409 0.7336741433441631
410 0.7340427071964004
411 0.7250450853799905
412 0.7220833455639295
413 0.7248734354505999
414 0.7380901003680462
415 0.7646892610142744
416 0.7614852899193819
417 0.7470066007934775
418 0.7573911199803212
419 0.7705608124611704
420 0.7784689848650729
421 0.7761050810991742
422 0.7847531205205595
423 0.7841444048659775
424 0.8020815542380058
425 0.814753892940713
426 0.8090437545098274
427 0.8055359842932993
428 0.7817687747906134
429 0.7835536487256626
430 0.801191246412748
431 0.7963949783547399
432 0.7930358419912718
433 0.7835270133717505
434 0.8069803720668518
435 0.7978179118117414
436 0.8071883866545627
437 0.8192592394622968
438 0.8167352351960574
439 0.826354440631424
440 0.8306005692081263
441 0.8222239357376443
442 0.8165069007568669
443 0.8242369075940604
444 0.8158418928859824
445 0.7981780617407973
446 0.8167000891640179
447 0.8192677549326228
448 0.8207187038879288
449 0.8095320681527105
450 0.8126179316451306
451 0.8054055534747513
452 0.8008855519815131
453 0.7957644947925088
454 0.7996417730087149
455 0.7745078131413927
456 0.7538868833498572
457 0.7748084220775153
458 0.7690959250391715
459 0.7646680162299907
460 0.7629861566857613
461 0.7869230489333382
462 0.7944465328466666
463 0.789003709246352
464 0.8109223418296418
465 0.8206326036897034
466 0.8027628327763794
467 0.7884957583344407
468 0.7945738395514019
469 0.7714209572503534
470 0.7659405636749447
471 0.7762920649011424
472 0.8090407730577172
473 0.8047311045834938
474 0.7927322384253911
475 0.781125886535924
476 0.7708091822551428
477 0.7788059435557324
478 0.766414787590488
479 0.7535093615558801
480 0.7622439634192288
481 0.7631936681410181
482 0.746355427276757
483 0.7472095298831092
484 0.7272594049153542
485 0.728223067359266
486 0.7270298536503501
487 0.7325562988733005
488 0.7206728423834678
489 0.7110023115769865
490 0.7137674368257713
491 0.6891823668246152
492 0.7228033736367742
493 0.7092160154338424
494 0.7185178964424527
495 0.701790807605918
496 0.7204858328672735
497 0.7379013053726267
498 0.712100322692214
499 0.7202638059791796
N: 700 densidad: 7.0
0 0.03260303493161663
301 0.7346697130134627
302 0.7624429877239894
303 0.7719720733773928
304 0.7783169311937111
305 0.7811223312240765
306 0.7912566421879459
307 0.8218847313775077
308 0.8069449740460768
309 0.7950490377804478
310 0.8095201972045186
311 0.8003763358566555
312 0.8062926471614089
313 0.8006998423281094
314 0.7908215429675858
315 0.7849900510901561
316 0.7732638324252127
317 0.794238493429234
318 0.8035545298383417
319 0.8070687434992879
320 0.8088416852735298
321 0.8136594140594733
322 0.8225900458228904
323 0.8213068208398362
324 0.8191640082543427
325 0.8157841105376012
326 0.8235777533895918
327 0.8115244319157927
328 0.8112134386181421
329 0.8281169188913942
330 0.7918721556641664
331 0.8033448473965615
332 0.8072091063569262
333 0.8120195627853587
334 0.7949454991730488
335 0.7979720811866116
336 0.8028417989656728
337 0.8158504909638495
338 0.819292841236651
339 0.8022506019660595
340 0.8092317084368761
341 0.7821302481093783
342 0.7833126979516885
343 0.7926691372992684
344 0.7868702345518227
345 0.7554592297411817
346 0.7837106856417239
347 0.7828278234909798
348 0.7768552974839493
349 0.7628636306631207
350 0.7667743339664791
351 0.8021399503427409
352 0.8158385859065078
353 0.8148334451481127
354 0.7989287560578058
355 0.8003123277108141
356 0.8070726304462901
357 0.8050743126430876
358 0.8117647709459573
359 0.8031252347328771
360 0.8170304498361565
361 0.8169929936069951
362 0.7982696193788225
363 0.8166091438972389
364 0.8074912364203912
365 0.8103123745859807
366 0.7913897088474717
367 0.801758903862479
368 0.7966818725813053
369 0.8143919738223365
370 0.8205876377818436
371 0.8268776282657159
372 0.7931198226473685
373 0.792499749553407
374 0.7913435739129993
375 0.8119531739352216
376 0.8020017927654249
377 0.8005311249782759
378 0.8102881632493506
379 0.8026426563993958
380 0.7920454390597451
381 0.8034624374564027
382 0.8066250780374724
383 0.819617360312322
384 0.8017174924845962
385 0.8069549563341215
386 0.7965764786940377
387 0.799007231827016
388 0.8028829821754426
389 0.7951249550482522
390 0.7767319376966303
391 0.7828264596197294
392 0.7704635343594572
393 0.7800079311067933
394 0.7961007646588631
395 0.8286764492697307
396 0.8252514428839172
397 0.8193209421360065
398 0.7989126775479124
399 0.8079156888842841
400 0.811909772883855
401 0.7862258256654044
402 0.7728321535214746
403 0.7963896063556456
404 0.7921230475133892
405 0.7987566625589935
406 0.8122361901673324
407 0.8123526522391326
408 0.802922292043921
409 0.8000194846766056
410 0.805018978554368
411 0.7850246901939899
412 0.7979333098267231
413 0.802073272919193
414 0.7815154729894913
415 0.7809274754968994
416 0.7882230811563611
417 0.797995694883279
418 0.7998952242565037
419 0.8148427197995083
420 0.8126269207158818
421 0.8000298062270882
422 0.8170384696689216
423 0.7999457208690078
424 0.8200440182369013
425 0.8135078689504734
426 0.8022440163069656
427 0.8057260216885812
428 0.8083084271729672
429 0.8004817932992129
430 0.8099869304139579
431 0.7985755057458348
432 0.7813906730771085
433 0.7654586449261228
434 0.7596283837658768
435 0.7819309588059956
436 0.7727679473924574
437 0.7742419586913707
438 0.768436283920805
439 0.7532650059952684
440 0.7233688162373019
441 0.7383000461270101
442 0.7571266916180052
443 0.7503995800262695
444 0.770798673859477
445 0.7626193057048648
446 0.7652365703655951
447 0.7486243842579853
448 0.7371439365311242
449 0.741300408725635
450 0.7518352251335946
451 0.776592070596873
452 0.7818369431695634
453 0.7765791939083916
454 0.7858951829944071
455 0.7774203347602573
456 0.769948283978414
457 0.8086759489871858
458 0.7907161401942198
459 0.8070355625797109
460 0.8059197146097231
461 0.7923832642816826
462 0.8004092481380828
463 0.7945067040897739
464 0.788202447290159
465 0.7756997432660742
466 0.7793501665202027
467 0.7873172441053572
468 0.7825542350155927
469 0.7794959649501475
470 0.7981935247168462
471 0.790571016937408
472 0.7655514517510614
473 0.7725674442322481
474 0.8025000415176835
475 0.8160365343215451
476 0.8136469363069222
477 0.8198764968720144
478 0.8263270157358937
479 0.8304576467992252
480 0.829977647386264
481 0.7964682858320997
482 0.7894209437960462
483 0.8071022063851784
484 0.8019713990977351
485 0.8026538325125142
486 0.7867133754205311
487 0.7960974103493419
488 0.7955768092849425
489 0.8180029891885441
490 0.8227782889734085
491 0.8308697127289632
492 0.8190669775536369
493 0.8078071194361401
494 0.8203718866148002
495 0.8153024067349008
496 0.7951433981480437
497 0.809476135170908
498 0.8182821773612782
499 0.8203002175601829
N: 800 densidad: 8.0
0 0.0245388269977852
301 0.8049347975161979
302 0.8076231531087218
303 0.8216853366239193
304 0.808708580054998
305 0.8095423934527108
306 0.8163222680357122
307 0.8036940704039303
308 0.8141152285882302
309 0.8260050484576378
310 0.8243543306293851
311 0.8232213811536576
312 0.8181802745823347
313 0.8200378821490739
314 0.8102584127880256
315 0.8062116297625098
316 0.8082165046030481
317 0.8100401824394784
318 0.8115491234434166
319 0.8129974434453276
320 0.8054588279960401
321 0.8082687975823325
322 0.840262079679858
323 0.8264490766657583
324 0.8198682823944026
325 0.8190776890860949
326 0.811222075646286
327 0.8034044879005539
328 0.7961419485040517
329 0.7998153702540219
330 0.8227648814371454
331 0.818590208679785
332 0.8101632821352974
333 0.8146266803379306
334 0.8117136587187019
335 0.8031102446680148
336 0.8106374744006747
337 0.8275399904537574
338 0.7975518372607756
339 0.7973797444031501
340 0.804628443971242
341 0.8040308974936611
342 0.8046801285694017
343 0.7920851480280069
344 0.7919834645619117
345 0.8085430317492189
346 0.8035246912005976
347 0.7980462494008256
348 0.8116123891054615
349 0.8263220347066486
350 0.8269545452111985
351 0.8077776120773934
352 0.827084375178325
353 0.8084081558733976
354 0.8126287825902089
355 0.7873706169582899
356 0.7712459723222685
357 0.7968482454394462
358 0.8071677593801524
359 0.8026144201228066
360 0.7975745373101266
361 0.792887566064147
362 0.7953550871676255
363 0.8010222905680716
364 0.8084399613399577
365 0.8178820045341336
366 0.8112726854842619
367 0.8128874876186777
368 0.8024771634285469
369 0.7958785622835975
370 0.7943166621963047
371 0.814957524035043
372 0.7957921265750051
373 0.8071584849262049
374 0.8007337738631684
375 0.8025860265297098
376 0.8077897672368985
377 0.801004811489075
378 0.8122810069656398
379 0.800187045418065
380 0.7925790521824735
381 0.7903094625578858
382 0.7838379721094468
383 0.8020586973731101
384 0.7912444141186689
385 0.7959493581260966
386 0.7998333972046624
387 0.8030709894839726
388 0.7969538657063934
389 0.7964300889967753
390 0.8053779432963636
391 0.7950619529022068
392 0.7997728943458732
393 0.7940743310817328
394 0.8046568684228621
395 0.7970274396781883
396 0.8080084208413093
397 0.8037764564209849
398 0.804440858012414
399 0.7982978748383901
400 0.7839329795168174
401 0.7817338428347496
402 0.7754600087104676
403 0.7793150776732238
404 0.7720300948664648
405 0.7655659485733337
406 0.7744859387191373
407 0.7957161771293482
408 0.7862695147323291
409 0.7974115369517775
410 0.8087944102128032
411 0.7992502453001742
412 0.8034564887808658
413 0.8133299493509747
414 0.7953400768984142
415 0.8144521687393396
416 0.8013045911426611
417 0.8200143788132994
418 0.8340810934503379
419 0.8125315525628006
420 0.8147105631235677
421 0.8161695124797866
422 0.8277545354115996
423 0.8206611788600195
424 0.8169924164559837
425 0.8079137768387965
426 0.7982727798298308
427 0.7990895769385512
428 0.7943868324128066
429 0.7902610670072105
430 0.7964319775940627
431 0.7900689593245679
432 0.7788511312046601
433 0.777196458104125
434 0.7812659371766792
435 0.7959049751447624
436 0.7934742208463965
437 0.7781806254829875
438 0.7724516438201552
439 0.7929913903600675
440 0.7963602769013618
441 0.8232190480312186
442 0.8127735755240844
443 0.8165625261502475
444 0.8218311479116949
445 0.8124225999824596
446 0.8197283552306999
447 0.8102477000984117
448 0.8096032000920897
449 0.812757744042826
450 0.8148213511377186
451 0.8031019346862088
452 0.8085229277750812
453 0.7996129009675584
454 0.8130348639464401
455 0.8037420014163539
456 0.8049135519676799
457 0.8113794512764909
458 0.7832177461075222
459 0.7978298629634439
460 0.8103806007647111
461 0.7764909139151888
462 0.7829437839385021
463 0.8064800100508543
464 0.8012694482060776
465 0.7932253884823429
466 0.8008271165571742
467 0.8076145156725564
468 0.8044403890564836
469 0.8004831069620603
470 0.8173018342367918
471 0.8087790767334041
472 0.8114139780709806
473 0.8042549173525179
474 0.8168777233305584
475 0.7868361617188832
476 0.802419560368837
477 0.8248521089600537
478 0.8022682307888015
479 0.7951060970717935
480 0.7957766060202837
481 0.8081656172166481
482 0.796236316165912
483 0.8029606311064046
484 0.7979072582235532
485 0.8016131400355131
486 0.7943758477734805
487 0.8031721673653217
488 0.8099617087406771
489 0.8200793355252164
490 0.8223991592686497
491 0.8261013450673649
492 0.8161206848926589
493 0.7957773144269132
494 0.8167542538725655
495 0.8113345957221628
496 0.813910494660112
497 0.8161578893674796
498 0.8234289009817791
499 0.8277987497269043
N: 900 densidad: 9.0
0 0.04678058118264488
301 0.7899438594079804
302 0.7922293334197614
303 0.8124137012029565
304 0.8172642889061619
305 0.7997331604733661
306 0.8091607278793023
307 0.8144187472527729
308 0.8219736490302109
309 0.8188790073011583
310 0.810692355946869
311 0.8107348800316706
312 0.8317865567388232
313 0.8142776285598846
314 0.8178147685226205
315 0.823050450893435
316 0.826611583241039
317 0.8325449890966184
318 0.8315809920057837
319 0.8172582767972981
320 0.8232086127910251
321 0.8217528840060369
322 0.824095567154473
323 0.8162244513542424
324 0.8282066235122841
325 0.8160498492869279
326 0.81674342909304
327 0.8230249682251819
328 0.8277254735659825
329 0.8189888650983419
330 0.8276592564780713
331 0.8211945878000884
332 0.8198401920884562
333 0.8008248670186027
334 0.814825014945919
335 0.8166561706327862
336 0.8051917505819647
337 0.8089050023430263
338 0.7904384664444456
339 0.8052587499893297
340 0.7795172729601618
341 0.7894952803104647
342 0.7742918880378534
343 0.8047031407654723
344 0.812823183858237
345 0.8077245684849857
346 0.8130103926750658
347 0.8085243405974928
348 0.8173913644139442
349 0.8173590515865655
350 0.807092093975939
351 0.8001005641560441
352 0.8188073834943745
353 0.791231647748329
354 0.7848458485187928
355 0.8115754918448161
356 0.7916052525238092
357 0.823387096708992
358 0.8341978719119779
359 0.8249666617471185
360 0.8268886007935784
361 0.8052014240292708
362 0.7995645019115991
363 0.7955478594980128
364 0.8106102691397346
365 0.811446084074043
366 0.8120287213407794
367 0.821404821269549
368 0.8030136168326628
369 0.8216028399059669
370 0.834818738295266
371 0.8161559963268212
372 0.8105287384413463
373 0.8164320432641183
374 0.8169408933031982
375 0.8059440742628168
376 0.8005689292875153
377 0.7720219146125218
378 0.7878443696487436
379 0.7905259145306296
380 0.7905495771102794
381 0.7873158215079259
382 0.7944831291530973
383 0.8218522027449462
384 0.810296060202176
385 0.8101350199941214
386 0.7985005981136308
387 0.7888188042304125
388 0.8021829597223312
389 0.8232913238686542
390 0.8189107851173028
391 0.8184906165399765
392 0.8090064084678947
393 0.8054598906018677
394 0.8013951106890753
395 0.7874806383264406
396 0.7903752709553298
397 0.77295459484992
398 0.79545703836979
399 0.7804553473821257
400 0.785942085526942
401 0.7941609991160931
402 0.7821477114104204
403 0.7914607586200485
404 0.7890207922928992
405 0.7941827703012571
406 0.8167134429785442
407 0.8186263359541667
408 0.7914236284346877
409 0.8046944147722334
410 0.8025151112363024
411 0.8039103909072715
412 0.801283439530858
413 0.8107568345179376
414 0.804527899644424
415 0.8109767057521123
416 0.8244438541564006
417 0.8257491063586078
418 0.827183517234873
419 0.826556620958639
420 0.8238438918294434
421 0.8156162204452079
422 0.8076071613035709
423 0.8135921936130357
424 0.8091101398931039
425 0.8165174324702716
426 0.8154545597728554
427 0.8259642183184348
428 0.8210207417051612
429 0.810486606385294
430 0.8121907724316708
431 0.8057446799039829
432 0.8242131510888792
433 0.8223972797704673
434 0.8028165295941142
435 0.809154008240815
436 0.8191278245175411
437 0.8238670935178527
438 0.8255838603406048
439 0.8154622872986823
440 0.8249833676023344
441 0.8320132894823976
442 0.8324824859504469
443 0.8392455374260832
444 0.8288736830979455
445 0.8235374592869753
446 0.8341838212885563
447 0.8283407186425451
448 0.82037398116099
449 0.8272170983625029
450 0.8231282461898973
451 0.8080629170766265
452 0.8215560525753638
453 0.8217844918873859
454 0.8125015681365574
455 0.7851204451690172
456 0.8079350062815306
457 0.8132249260309381
458 0.8093938567647021
459 0.7979851407542846
460 0.8083156031885814
461 0.8113346056006409
462 0.8163948931387937
463 0.8114253151681239
464 0.8143425718598262
465 0.8075565848341562
466 0.8140712218498285
467 0.8148974449612895
468 0.8151234095565668
469 0.8318142790951315
470 0.8148369124365622
471 0.807372919011109
472 0.8057573324259123
473 0.8116230057958902
474 0.822777025998525
475 0.814152757077536
476 0.8160844377829423
477 0.8108467811777819
478 0.8164029782427635
479 0.8112265429184833
480 0.8185581695805295
481 0.7966667173363069
482 0.8053575831169448
483 0.7954987204918097
484 0.8066300468732431
485 0.8027902850036578
486 0.8190382168096133
487 0.809957332071952
488 0.8246864293149424
489 0.8199037605683666
490 0.8059082522822528
491 0.8091042649637663
492 0.8181342086133172
493 0.8249295713516311
494 0.8296416659016289
495 0.8215686336048754
496 0.8341571474819959
497 0.8347516933932558
498 0.8264340056363857
499 0.8244803404936314
N: 1000 densidad: 10.0
0 0.052388572622355266
301 0.7984338872288237
302 0.8005212061118162
303 0.8118671730973397
304 0.8196170728347466
305 0.7999138045152779
306 0.814066493240017
307 0.8296441105479643
308 0.8350020836279951
309 0.8284957031292126
310 0.8370597723559489
311 0.8385438944801422
312 0.8321858406281505
313 0.8206664409288307
314 0.8225765073597068
315 0.8210625486683316
316 0.8293588258816105
317 0.8164939378245533
318 0.828918949603574
319 0.8261839027667645
320 0.8230592570990422
321 0.8198515701927273
322 0.8240686004615829
323 0.8234772311608656
324 0.8157738848416313
325 0.832095950781319
326 0.8349764708981546
327 0.8348296232788571
328 0.8341406103885551
329 0.8331557854006749
330 0.8276743894611148
331 0.8178235885961889
332 0.8166177190617682
333 0.8197324242424303
334 0.821865203594124
335 0.8167698605570087
336 0.8245070758254652
337 0.8218191815637309
338 0.8105144239343784
339 0.8203310835444567
340 0.8198723736485168
341 0.8176124761347638
342 0.8248419771864655
343 0.8104033252364078
344 0.7928790586048078
345 0.7806693076758415
346 0.7861119368399982
347 0.7999268566549146
348 0.7856296748672561
349 0.7799457545122674
350 0.7917031805137212
351 0.7944095941879505
352 0.8074604538358247
353 0.8105666250288984
354 0.7935404396046946
355 0.7938422501527288
356 0.7942318522883531
357 0.7806948981633844
358 0.7873164466495823
359 0.7958719628056806
360 0.7896132988660667
361 0.8095870761261492
362 0.8128269291133849
363 0.8049875948488319
364 0.8016702635866799
365 0.8082076844986142
366 0.8096771886985306
367 0.8032613987820103
368 0.7963011809854353
369 0.787669505374745
370 0.7979738904700147
371 0.8000612383050076
372 0.7813357352543566
373 0.7748373942578041
374 0.7748898030307297
375 0.7988705288637199
376 0.7914208879818054
377 0.7949649597918144
378 0.8007381301020934
379 0.7993149365041191
380 0.7851065594579877
381 0.8063982997392726
382 0.7903280375202654
383 0.7907598033084334
384 0.8049854344283996
385 0.8103873349479717
386 0.825903305270462
387 0.8281066541437924
388 0.8231770835307872
389 0.826532469296501
390 0.8262143692842814
391 0.8109124445360766
392 0.8251803668068406
393 0.8220919245873062
394 0.814077799425211
395 0.8148535828419836
396 0.7998563578341512
397 0.8011267873628163
398 0.7849918468122595
399 0.7923734781434735
400 0.8151602021693886
401 0.8155585935817501
402 0.8102613072260532
403 0.8149206810213692
404 0.8184180966863053
405 0.7983027652163021
406 0.8253275660026277
407 0.816064293064318
408 0.7977491223957848
409 0.8051993219860623
410 0.81147489039955
411 0.8125292674710115
412 0.8319613703978452
413 0.8160224517077539
414 0.8096624806122339
415 0.8176807966357225
416 0.8118742969041864
417 0.7987710608467053
418 0.7854226246822869
419 0.7854011666590759
420 0.8091574537799263
421 0.7975533930535886
422 0.8063228608549381
423 0.8119644747641532
424 0.8091590769711018
425 0.8135961979085515
426 0.8245368426910901
427 0.8210153530067376
428 0.8287774840951508
429 0.8271510461462009
430 0.8293526488007301
431 0.8160799709997695
432 0.8235628187899782
433 0.8280464582411949
434 0.8222019478402304
435 0.8251114730146607
436 0.8283224254426212
437 0.819430826538316
438 0.8065371578428098
439 0.8111175654721791
440 0.8241032744729074
441 0.8175252833382899
442 0.804448334958489
443 0.828574740756729
444 0.8252090303442435
445 0.8219495603022132
446 0.8233567290514588
447 0.8145771575901525
448 0.8182921151863549
449 0.8130369034707813
450 0.8167147337194229
451 0.8158993803633698
452 0.8047706669172394
453 0.7901106005146005
454 0.7826060790703118
455 0.8039888147327547
456 0.8129580744256854
457 0.8044340668890632
458 0.8166761396740438
459 0.8131864249876808
460 0.8271954156118354
461 0.8239268151912735
462 0.8176755153276196
463 0.8117897602608445
464 0.7963653195214834
465 0.7889529193183477
466 0.8014765130996021
467 0.8173961721418685
468 0.8232849940679475
469 0.8178437012895335
470 0.8165748957478914
471 0.8047318904628703
472 0.8256270199740314
473 0.818249829734904
474 0.8135206398889332
475 0.8143929726278774
476 0.8149598699893825
477 0.8050498853083271
478 0.8183695802685179
479 0.8222393936490804
480 0.8107170256453775
481 0.8164428259405859
482 0.8178022894369884
483 0.8083545335928278
484 0.80824459836928
485 0.8134659583411374
486 0.8274641421444642
487 0.8304575414893075
488 0.8363570293575102
489 0.8244262181045022
490 0.8299322662816953
491 0.8295391362560204
492 0.8193246858425635
493 0.8125317224993432
494 0.8204934688879425
495 0.8272913456804349
496 0.82420388859518
497 0.8147195053763198
498 0.8102449741034131
499 0.8235532342368251
